DISTRICT_NUMBER|CONTENT_AREA|YEAR|GRADE|STUDENTGROUP|MEDIAN_SGP|MEDIAN_SGP_TARGET|PERCENT_AT_ABOVE_TARGET|PERCENT_AT_ABOVE_PROFICIENT|MEDIAN_SGP_COUNT|PERCENT_AT_ABOVE_PROFICIENT_COUNT
470|1|2011|10|1|50|84|39.5|37.4|762|864
470|1|2011|10|2|45|89|34.2|32.3|711|798
470|1|2011|4|1|51|44|57.3|75.6|812|909
470|1|2011|4|2|49|44|52|74|785|879
470|1|2011|5|1|53|49|54.5|66.3|813|901
470|1|2011|5|2|58|49|57.6|71.5|731|808
470|1|2011|6|1|63|60|56.6|66.8|742|838
470|1|2011|6|2|63|60.5|56.9|66.2|722|814
470|1|2011|7|1|58|65|47.3|60.2|780|868
470|1|2011|7|2|60|65|47.4|61.1|720|799
470|1|2011|8|1|66|73|45.2|53.5|851|946
470|1|2011|8|2|59|73|38.3|50.6|785|873
470|1|2011|9|1|54|78|40.4|44.9|793|930
470|1|2011|9|2|52|82|33.2|41.1|767|915
470|1|2012|10|1|51|79|40|38.1|788|864
470|1|2012|10|2|51|88|38.4|36.4|794|870
470|1|2012|4|1|52|58|44.2|72.8|801|891
470|1|2012|4|2|45|57|39.2|70|796|892
470|1|2012|5|1|56|59|47.2|68|844|946
470|1|2012|5|2|54|59|44|67.8|813|888
470|1|2012|6|1|60.5|63.5|49.5|62.3|814|915
470|1|2012|6|2|63|62|51.4|68.1|747|844
470|1|2012|7|1|53|72|38.1|49.9|767|858
470|1|2012|7|2|59.5|71|42.2|53.7|758|843
470|1|2012|8|1|63|65|50.3|56.8|794|871
470|1|2012|8|2|63|67|51|57.9|737|806
470|1|2012|9|1|55|77|39.2|47.8|836|972
470|1|2012|9|2|54|78|34.3|42.7|779|906
470|1|2013|10|1|50|84|40.6|39.2|844|916
470|1|2013|10|2|47|91|32.4|31.3|789|851
470|1|2013|4|1|43|47|48.3|70.1|865|982
470|1|2013|4|2|47|47|50.1|73.2|808|904
470|1|2013|5|1|53|52|53.7|65.2|825|911
470|1|2013|5|2|54|53|50.3|64.1|827|916
470|1|2013|6|1|55|56|49.4|63.3|872|988
470|1|2013|6|2|60|60|51.1|66.2|824|936
470|1|2013|7|1|58|66|44.2|57.9|838|913
470|1|2013|7|2|58|63|46.3|63.1|769|853
470|1|2013|8|1|56|66|42.1|54.6|787|864
470|1|2013|8|2|55|66|43.4|60.1|785|872
470|1|2013|9|1|54|77|43|48|786|890
470|1|2013|9|2|53|79|39.6|45.8|742|849
470|2|2011|10|1|44|7|70|67.4|763|864
470|2|2011|10|2|57|3|82.6|81.5|711|798
470|2|2011|4|1|49|42|56.1|59.9|716|904
470|2|2011|4|2|53|36|65.8|68.1|690|873
470|2|2011|5|1|53|41|60.4|65.9|797|902
470|2|2011|5|2|52.5|33|65.5|75|724|808
470|2|2011|6|1|52|37|64.4|69.9|744|839
470|2|2011|6|2|55|31|68.3|76.7|722|814
470|2|2011|7|1|54|33|66.1|64.6|781|868
470|2|2011|7|2|58|27|74.3|74.3|719|800
470|2|2011|8|1|50|26|65.5|63.7|851|946
470|2|2011|8|2|57|22|75.2|75.1|783|874
470|2|2011|9|1|47|18|65.9|64.7|787|930
470|2|2011|9|2|52|11.5|73.1|75|767|915
470|2|2012|10|1|47|11|66.7|64.9|786|864
470|2|2012|10|2|61|6|81.7|80.4|793|870
470|2|2012|4|1|47|37|56|64.2|704|890
470|2|2012|4|2|52|36|64.3|67.4|695|887
470|2|2012|5|1|57.5|38|64.3|68.5|842|945
470|2|2012|5|2|55|34|65.5|72.3|809|888
470|2|2012|6|1|53|34|64.4|67.3|814|915
470|2|2012|6|2|58|26|73.4|76.8|745|844
470|2|2012|7|1|54|33|64.5|66.7|768|859
470|2|2012|7|2|66|26|78|77.6|758|843
470|2|2012|8|1|53|29|66.9|65.4|794|871
470|2|2012|8|2|62.5|19|78.5|77.4|738|806
470|2|2012|9|1|50|19|67.4|69.5|835|972
470|2|2012|9|2|61|14|77.7|77.6|777|906
470|2|2013|10|1|42|4|72|71|844|916
470|2|2013|10|2|50|3|83.5|82.9|787|850
470|2|2013|4|1|49|34|60.2|61.8|779|980
470|2|2013|4|2|59|30|70.4|70.2|709|900
470|2|2013|5|1|55|37|62.6|68.5|823|912
470|2|2013|5|2|54|31|68.4|70.8|825|917
470|2|2013|6|1|51|34|65.3|70.7|876|990
470|2|2013|6|2|60|29|70.6|75.9|826|939
470|2|2013|7|1|56|27|70.3|66.7|842|921
470|2|2013|7|2|55|20|73.5|74.6|780|866
470|2|2013|8|1|49|22|66.1|66.6|787|864
470|2|2013|8|2|52|16|75.9|75.8|785|872
470|2|2013|9|1|49|14|69.7|67.8|785|888
470|2|2013|9|2|50|9|78|78.9|742|849
1040|1|2011|10|1|62|66|48.9|48.2|773|872
1040|1|2011|10|2|60|79|40.6|39.7|729|808
1040|1|2011|4|1|61|38|70.1|86.6|676|793
1040|1|2011|4|2|53|38|61.7|85.2|645|744
1040|1|2011|5|1|53|37|62.6|84.4|729|831
1040|1|2011|5|2|53|40|61.2|81.5|590|707
1040|1|2011|6|1|56|42|63.4|79.2|716|828
1040|1|2011|6|2|56|48|59|76.6|685|794
1040|1|2011|7|1|53|53|50.2|72.5|715|853
1040|1|2011|7|2|56|59|49|71.2|670|782
1040|1|2011|8|1|51|55|47.9|68.6|708|804
1040|1|2011|8|2|49|60|41.7|64.8|696|791
1040|1|2011|9|1|60|56|48.7|57.9|772|910
1040|1|2011|9|2|56|69|41.3|53.1|714|827
1040|1|2012|10|1|56|50|54.2|52.4|812|903
1040|1|2012|10|2|56|70|44.7|42.8|751|862
1040|1|2012|4|1|56|50|58.7|86.9|669|778
1040|1|2012|4|2|49|50|51.4|84.3|636|740
1040|1|2012|5|1|57|47|58.7|83.1|703|803
1040|1|2012|5|2|54|51|53.5|80.8|663|748
1040|1|2012|6|1|49|50|52.2|78.3|739|856
1040|1|2012|6|2|55|54|49.9|75.2|617|743
1040|1|2012|7|1|50|55|46.7|65.5|728|831
1040|1|2012|7|2|53|63|42.5|59.2|723|819
1040|1|2012|8|1|50|47|50.9|66.9|770|866
1040|1|2012|8|2|45|55.5|42.7|61.1|710|800
1040|1|2012|9|1|59|56|54.6|61.8|725|853
1040|1|2012|9|2|56|62|45.9|55|712|819
1040|1|2013|10|1|54|42|53|51.2|751|845
1040|1|2013|10|2|57|70|47.6|46.5|729|800
1040|1|2013|4|1|56|36|66.2|86.9|672|787
1040|1|2013|4|2|56|40|65.6|86.7|671|787
1040|1|2013|5|1|57|34|67.6|81.2|695|777
1040|1|2013|5|2|58|35|68.8|80.5|667|765
1040|1|2013|6|1|55|44|58.3|79.7|722|862
1040|1|2013|6|2|52|47|52.1|76.1|676|808
1040|1|2013|7|1|58|55|53|75.1|773|878
1040|1|2013|7|2|54|59|51.3|72.2|665|778
1040|1|2013|8|1|48|51|45.8|67.5|769|879
1040|1|2013|8|2|50|60|44.4|64.2|745|826
1040|1|2013|9|1|55.5|60.5|47.7|54.8|778|941
1040|1|2013|9|2|55|74|42.2|49.9|725|872
1040|2|2011|10|1|50|3|83.7|83.5|771|871
1040|2|2011|10|2|55|2|92.8|92.2|727|809
1040|2|2011|4|1|54|34|67.6|80.1|672|792
1040|2|2011|4|2|61|30|76.5|87.6|642|743
1040|2|2011|5|1|56|30|73.3|84.2|726|831
1040|2|2011|5|2|55|26|73.8|86.8|588|707
1040|2|2011|6|1|60|27|78.5|85.7|717|828
1040|2|2011|6|2|56|23|79.2|87.9|687|794
1040|2|2011|7|1|52|23|76.1|84.4|712|855
1040|2|2011|7|2|57|22|82.5|87|667|782
1040|2|2011|8|1|51|17|74.6|78.7|706|804
1040|2|2011|8|2|57|13|85.1|88|693|789
1040|2|2011|9|1|58|9|84.2|85.3|765|910
1040|2|2011|9|2|53|5|88.5|90.8|713|827
1040|2|2012|10|1|45|5|84.9|83.6|807|897
1040|2|2012|10|2|57|3|91.6|90.5|750|860
1040|2|2012|4|1|54|32|70.2|81.9|660|778
1040|2|2012|4|2|60|30|77.4|86.5|632|739
1040|2|2012|5|1|51|27|71|84|699|803
1040|2|2012|5|2|53|22|76.2|88.1|663|750
1040|2|2012|6|1|49|22|74.6|83.6|733|856
1040|2|2012|6|2|60|19|82.8|87.8|615|742
1040|2|2012|7|1|44|23|69.7|79.6|725|830
1040|2|2012|7|2|57.5|22|78.1|84.8|722|818
1040|2|2012|8|1|42.5|15|74.3|81.2|768|866
1040|2|2012|8|2|56|12|83.2|88.2|708|799
1040|2|2012|9|1|45|9|78.6|83|716|851
1040|2|2012|9|2|53|7|88.3|90.8|709|820
1040|2|2013|10|1|50|3|85.7|84.8|743|842
1040|2|2013|10|2|58|2|93.3|92.1|727|800
1040|2|2013|4|1|50|29|69.5|81.3|673|787
1040|2|2013|4|2|55|26|75.9|85.1|665|785
1040|2|2013|5|1|54|23|75.8|82.4|693|777
1040|2|2013|5|2|54|21|79.6|85.5|666|766
1040|2|2013|6|1|51|20|78|85.7|719|858
1040|2|2013|6|2|52|16|80.1|88.2|675|808
1040|2|2013|7|1|49|19|78|81.9|772|878
1040|2|2013|7|2|54|16|80.8|85.8|661|776
1040|2|2013|8|1|48|16|76.6|79.5|765|876
1040|2|2013|8|2|56|12|85.1|86.6|745|826
1040|2|2013|9|1|55|8|85.3|84|775|937
1040|2|2013|9|2|57|4|89.3|89.5|723|869
2690|1|2011|10|1|41|96|21.9|19.3|488|608
2690|1|2011|10|2|35|99|15.5|14.7|522|599
2690|1|2011|4|1|42|43|49.7|79|561|629
2690|1|2011|4|2|41|45|46.6|74|566|620
2690|1|2011|5|1|34|46|39.1|69.6|591|649
2690|1|2011|5|2|42|46.5|44.9|68.8|584|634
2690|1|2011|6|1|22|59|20|44.5|556|640
2690|1|2011|6|2|26.5|59|18.7|46.7|534|600
2690|1|2011|7|1|29|71|14.3|36.4|517|643
2690|1|2011|7|2|31|70|13.3|34.9|519|594
2690|1|2011|8|1|35|79|16|30.5|624|707
2690|1|2011|8|2|34|88|10.8|24.9|553|619
2690|1|2011|9|1|36|97|13.6|19.7|590|805
2690|1|2011|9|2|34|97|8.6|14.1|521|713
2690|1|2012|10|1|42|99|18.3|16.1|552|680
2690|1|2012|10|2|43|99|11.2|10.8|507|640
2690|1|2012|4|1|51|58|44.1|72.3|589|649
2690|1|2012|4|2|46.5|58|42.1|69|560|622
2690|1|2012|5|1|34|60|30.4|61.2|579|639
2690|1|2012|5|2|35|62|27.9|57.4|570|619
2690|1|2012|6|1|26|64|21.3|48.6|577|648
2690|1|2012|6|2|32|66|20.1|47.9|546|590
2690|1|2012|7|1|43.5|83|19.6|28.2|546|607
2690|1|2012|7|2|41|81|18.9|28.6|528|579
2690|1|2012|8|1|39|88|15.7|27.7|543|615
2690|1|2012|8|2|34|87|11.9|23.3|522|578
2690|1|2012|9|1|37|93|16.7|22|600|888
2690|1|2012|9|2|32.5|98|9.2|17.2|552|791
2690|1|2013|10|1|45|99|16.8|16.1|573|658
2690|1|2013|10|2|43|99|12.1|11.4|564|633
2690|1|2013|4|1|52|48|56.8|77.4|630|685
2690|1|2013|4|2|46|50|50.1|75|597|645
2690|1|2013|5|1|38|50|38.3|58.6|567|618
2690|1|2013|5|2|36|54|34.3|53.3|572|628
2690|1|2013|6|1|33|65|23|49.1|530|583
2690|1|2013|6|2|36|68|22.8|43.3|530|577
2690|1|2013|7|1|34|72|15.9|35.9|585|637
2690|1|2013|7|2|33|74.5|15.2|34.9|520|573
2690|1|2013|8|1|40|85|21.6|32.1|523|583
2690|1|2013|8|2|40|85|18.3|31.6|513|573
2690|1|2013|9|1|35|99|10.8|15.1|547|753
2690|1|2013|9|2|40|99|8.6|13.1|521|694
2690|2|2011|10|1|37|21|62.6|58|484|608
2690|2|2011|10|2|42.5|8|74.2|72.6|520|598
2690|2|2011|4|1|37|41|48.4|66.1|560|627
2690|2|2011|4|2|43|39|53.3|67|565|620
2690|2|2011|5|1|39|38|53|65.8|589|648
2690|2|2011|5|2|39.5|35|54.6|71.6|584|635
2690|2|2011|6|1|35|38|44.3|59.4|553|638
2690|2|2011|6|2|37|33|52|67.9|533|599
2690|2|2011|7|1|36|40|46.1|48.1|518|643
2690|2|2011|7|2|34|35|46.4|57.3|519|594
2690|2|2011|8|1|39|37|50.6|51.2|622|710
2690|2|2011|8|2|43|37|55.9|53.3|551|619
2690|2|2011|9|1|42|41|54.3|52.8|588|805
2690|2|2011|9|2|43|26|61.2|62.5|520|711
2690|2|2012|10|1|31|28.5|54.3|49.8|549|679
2690|2|2012|10|2|45|21|65.8|61.9|514|638
2690|2|2012|4|1|41|39|48.4|60.9|591|643
2690|2|2012|4|2|46|38|59.1|71.4|565|622
2690|2|2012|5|1|38|37|51.3|66.6|577|636
2690|2|2012|5|2|40|35|54.2|70|570|619
2690|2|2012|6|1|29|35|46.4|57.7|576|647
2690|2|2012|6|2|38|31|53.6|67.9|545|589
2690|2|2012|7|1|32|42|41|48.2|539|608
2690|2|2012|7|2|44|37|53.3|59.3|529|581
2690|2|2012|8|1|37|40|46.3|49|536|615
2690|2|2012|8|2|42.5|33|55.8|60|520|576
2690|2|2012|9|1|38|37|49.5|49.6|604|889
2690|2|2012|9|2|43|37|53.5|59.3|551|792
2690|2|2013|10|1|44|18|62.8|59.8|567|652
2690|2|2013|10|2|48|16|69.9|66.3|569|635
2690|2|2013|4|1|42|37|55.4|65.4|625|685
2690|2|2013|4|2|41|33|58.9|70.2|593|644
2690|2|2013|5|1|37|37|50.4|61.9|571|617
2690|2|2013|5|2|38|32|55.2|69.2|580|627
2690|2|2013|6|1|37|37|49.1|60.7|527|582
2690|2|2013|6|2|43|35|57.4|66|530|576
2690|2|2013|7|1|41|37|55.6|57.4|588|639
2690|2|2013|7|2|36|29|53.2|60.7|517|570
2690|2|2013|8|1|45|35|55.1|55.1|515|579
2690|2|2013|8|2|43|28|60.4|59.8|515|575
2690|2|2013|9|1|42|36|50.2|48.6|536|739
2690|2|2013|9|2|40|23|59.3|59.6|516|688
470|1|2011|10|3|49|72.5|43.2|41.3|1157|1288
470|1|2011|10|4|42.5|99|13.9|13|316|374
470|1|2011|4|3|51.5|39|60.7|82.9|1086|1216
470|1|2011|4|4|45|55|41.9|57.6|511|572
470|1|2011|5|3|59|44|63.4|79.1|1061|1161
470|1|2011|5|4|46|62|39.5|46.8|483|548
470|1|2011|6|3|69|54|65.2|74.2|1064|1181
470|1|2011|6|4|50|69|34.2|47.3|400|471
470|1|2011|7|3|61|57|55|70.8|1114|1202
470|1|2011|7|4|55|81|25.1|34.4|386|465
470|1|2011|8|3|64|65|50|62.1|1199|1316
470|1|2011|8|4|59|95|19.7|25.6|437|503
470|1|2011|9|3|55|67|44.5|51.4|1172|1381
470|1|2011|9|4|49|99|13.9|17.9|388|464
470|1|2012|10|3|52|65|46.4|44.8|1227|1326
470|1|2012|10|4|47|99|14.4|12.8|355|408
470|1|2012|4|3|54|54|50.5|81|1088|1202
470|1|2012|4|4|36|65|23|51.6|509|581
470|1|2012|5|3|57|53|54.2|77.5|1127|1241
470|1|2012|5|4|51|71|27.4|48|530|593
470|1|2012|6|3|67|55|61.7|76.5|1083|1211
470|1|2012|6|4|50|80|24.9|39.8|478|548
470|1|2012|7|3|60|65.5|47.6|61.2|1128|1247
470|1|2012|7|4|46|88|18.9|26|397|454
470|1|2012|8|3|65|52|60|67.7|1128|1228
470|1|2012|8|4|54|92|24.3|28.8|403|449
470|1|2012|9|3|57|66|44.4|54.8|1206|1384
470|1|2012|9|4|49|99|14.7|18.9|409|494
470|1|2013|10|3|50|68|44.7|43.5|1217|1304
470|1|2013|10|4|46|99|13.2|12.5|416|463
470|1|2013|4|3|49|39|57.6|81.2|1100|1232
470|1|2013|4|4|38|58|33|53.5|573|654
470|1|2013|5|3|55|40|61.9|75.4|1078|1191
470|1|2013|5|4|50|70|33.4|44.5|574|636
470|1|2013|6|3|62|48|60.5|77|1133|1280
470|1|2013|6|4|50|73|29.5|40.2|563|644
470|1|2013|7|3|62|54|54.8|72.4|1117|1215
470|1|2013|7|4|51|80|23.3|33.9|490|551
470|1|2013|8|3|57|57|50|66.9|1135|1234
470|1|2013|8|4|53|90|24|34.1|437|502
470|1|2013|9|3|56|55|50.6|57.1|1112|1262
470|1|2013|9|4|48|99|16.6|20.1|416|477
470|2|2011|10|3|52|3|84.1|82.8|1160|1288
470|2|2011|10|4|46.5|54|46.2|44.1|314|374
470|2|2011|4|3|55|35|68.3|77.2|1063|1216
470|2|2011|4|4|39|52|37.9|35.2|343|561
470|2|2011|5|3|55|30|71.9|82.9|1057|1163
470|2|2011|5|4|47|55|42|43.1|464|547
470|2|2011|6|3|57|27|73.9|82.7|1066|1182
470|2|2011|6|4|46|53|46|49.3|400|471
470|2|2011|7|3|59|25|77.6|80.2|1114|1203
470|2|2011|7|4|49|54|48.2|40.9|386|465
470|2|2011|8|3|56|18|79.1|80.3|1199|1316
470|2|2011|8|4|49|51|45.5|39.8|435|504
470|2|2011|9|3|50.5|9|78|79.6|1168|1381
470|2|2011|9|4|47|56|43.8|40.7|386|464
470|2|2012|10|3|55|5|81.6|80.6|1225|1326
470|2|2012|10|4|52.5|60.5|48.6|46.8|354|408
470|2|2012|4|3|52|34|67|79|1064|1201
470|2|2012|4|4|38|49|38.2|38.4|335|576
470|2|2012|5|3|59|28|74.1|82.8|1129|1242
470|2|2012|5|4|51|59|44.8|44.1|522|591
470|2|2012|6|3|59|22|80.2|84.9|1081|1211
470|2|2012|6|4|48|57|42.7|43.1|478|548
470|2|2012|7|3|61|24|78.1|82.2|1129|1248
470|2|2012|7|4|57|56|51.4|44.4|397|454
470|2|2012|8|3|59|15|80.6|81.7|1128|1228
470|2|2012|8|4|55|61|49.8|42.2|404|449
470|2|2012|9|3|56|10|80.7|82.6|1206|1384
470|2|2012|9|4|53.5|56|47.8|47|406|494
470|2|2013|10|3|48|2|85.5|85|1218|1303
470|2|2013|10|4|45|32|54.2|53.3|413|463
470|2|2013|4|3|57.5|27|72.2|79.2|1096|1233
470|2|2013|4|4|44|51|45.2|40.5|392|647
470|2|2013|5|3|57|26|74.9|82.3|1077|1192
470|2|2013|5|4|51|51|47.6|46|571|637
470|2|2013|6|3|57|21|78.2|85.5|1133|1279
470|2|2013|6|4|50|56|47.3|49.1|569|650
470|2|2013|7|3|58|18|82.4|83.9|1124|1227
470|2|2013|7|4|50|54|48|41.1|498|560
470|2|2013|8|3|52|14|78.3|81|1136|1235
470|2|2013|8|4|46|46|51.8|47.1|436|501
470|2|2013|9|3|51|6|82.3|83.1|1111|1261
470|2|2013|9|4|45|46|51|47.1|416|476
1040|1|2011|10|3|61|71|45.4|44.6|1435|1600
1040|1|2011|10|4|58|97|32.8|33.3|67|80
1040|1|2011|4|3|57|37|67|87.3|1212|1402
1040|1|2011|4|4|55|47|55|71.6|109|135
1040|1|2011|5|3|53|37|63.5|84.6|1210|1398
1040|1|2011|5|4|48|49|45|67.1|109|140
1040|1|2011|6|3|56|44|62.8|79.6|1299|1494
1040|1|2011|6|4|52|64|41.2|58.3|102|128
1040|1|2011|7|3|55|54|51.4|73.8|1279|1498
1040|1|2011|7|4|50|68|27.4|50.7|106|137
1040|1|2011|8|3|50|56|46.4|68.7|1316|1481
1040|1|2011|8|4|38.5|76|20.5|40.7|88|114
1040|1|2011|9|3|58|60|46.7|57.3|1393|1629
1040|1|2011|9|4|53|91|22.6|29.6|93|108
1040|1|2012|10|3|56|57|51.4|49.6|1470|1656
1040|1|2012|10|4|53|99|21.5|19.4|93|109
1040|1|2012|4|3|54|49|57|87.6|1171|1351
1040|1|2012|4|4|43|58.5|39.6|69.5|134|167
1040|1|2012|5|3|56|48|57.7|84.1|1247|1406
1040|1|2012|5|4|55|65|41.2|62.1|119|145
1040|1|2012|6|3|53|50|53.1|78.5|1245|1459
1040|1|2012|6|4|44|64|29.7|59.7|111|140
1040|1|2012|7|3|53|57|46.4|64.7|1335|1509
1040|1|2012|7|4|36|76|23.3|37.6|116|141
1040|1|2012|8|3|48|50|48.1|65.6|1377|1545
1040|1|2012|8|4|41|70.5|31.1|45|103|121
1040|1|2012|9|3|56.5|56|51.8|60.6|1340|1549
1040|1|2012|9|4|58|88|29.9|31.1|97|123
1040|1|2013|10|3|56|48.5|52|50.8|1390|1530
1040|1|2013|10|4|49|99|24.4|23.5|90|115
1040|1|2013|4|3|57|37|67.9|88.3|1201|1387
1040|1|2013|4|4|48.5|50.5|48.6|75.4|142|187
1040|1|2013|5|3|58|33|69.9|83.1|1219|1356
1040|1|2013|5|4|56|54|53.8|64.5|143|186
1040|1|2013|6|3|54|44|57|80.3|1273|1500
1040|1|2013|6|4|46|63|38.4|57.6|125|170
1040|1|2013|7|3|56|55|53.5|76.1|1319|1498
1040|1|2013|7|4|54|71|37.8|51.3|119|158
1040|1|2013|8|3|49.5|55|46.6|68.3|1400|1557
1040|1|2013|8|4|43|75.5|27.2|39.9|114|148
1040|1|2013|9|3|56|65|46.5|54.2|1391|1668
1040|1|2013|9|4|49.5|90.5|26.8|32.4|112|145
1040|2|2011|10|3|52|2|88.5|88|1431|1600
1040|2|2011|10|4|53|6|80.6|80.8|67|80
1040|2|2011|4|3|57.5|32|73.6|85.1|1208|1398
1040|2|2011|4|4|50.5|43|52.8|69.6|106|137
1040|2|2011|5|3|56|27|75.2|87.6|1203|1397
1040|2|2011|5|4|53|42|55|63.8|111|141
1040|2|2011|6|3|58.5|24|80|88.6|1300|1493
1040|2|2011|6|4|55|42.5|64.4|65.6|104|129
1040|2|2011|7|3|55|22|81|87.5|1273|1500
1040|2|2011|7|4|50|34|57.5|64.7|106|137
1040|2|2011|8|3|54|15|80.7|84.7|1314|1481
1040|2|2011|8|4|43|26|65.9|64.8|85|112
1040|2|2011|9|3|55|6|87.7|89.1|1386|1630
1040|2|2011|9|4|56.5|22|65.2|71|92|107
1040|2|2012|10|3|51|3|89.6|88.5|1465|1649
1040|2|2012|10|4|44|18|65.2|63.6|92|108
1040|2|2012|4|3|58|30|75.8|86.7|1162|1349
1040|2|2012|4|4|47|41.5|54.6|63.9|130|168
1040|2|2012|5|3|52|23|74.8|87.5|1244|1408
1040|2|2012|5|4|43|36.5|59.3|71|118|145
1040|2|2012|6|3|55|19|79.9|87.5|1237|1457
1040|2|2012|6|4|44|33.5|61.3|65.7|111|141
1040|2|2012|7|3|50|22|75.2|83.9|1332|1508
1040|2|2012|7|4|45|33|58.3|64.3|115|140
1040|2|2012|8|3|50|12.5|79.5|85.6|1374|1545
1040|2|2012|8|4|40.5|28|65.7|70.6|102|120
1040|2|2012|9|3|49|7|84.4|88.4|1333|1548
1040|2|2012|9|4|42.5|20.5|69.6|66.9|92|123
1040|2|2013|10|3|54|2|90.9|90.2|1381|1526
1040|2|2013|10|4|47|7|66.3|64.7|89|116
1040|2|2013|4|3|54|26|74.5|85.1|1194|1384
1040|2|2013|4|4|46.5|39.5|57.6|69.1|144|188
1040|2|2013|5|3|54|20|78.9|86.2|1216|1356
1040|2|2013|5|4|54|37|67.1|67.4|143|187
1040|2|2013|6|3|52|17|80.9|88.9|1269|1497
1040|2|2013|6|4|47|31|60.8|69.2|125|169
1040|2|2013|7|3|53|17|81|86|1317|1498
1040|2|2013|7|4|42|31.5|59.5|61.5|116|156
1040|2|2013|8|3|52|13|82|85.1|1397|1555
1040|2|2013|8|4|49|31|66.4|59.9|113|147
1040|2|2013|9|3|56|5|88|88|1387|1662
1040|2|2013|9|4|50|15|78.4|70.8|111|144
2690|1|2011|10|3|44|90|28.6|26.9|402|466
2690|1|2011|10|4|36|99|12|10.8|608|741
2690|1|2011|4|3|43|36|58.7|89.4|269|313
2690|1|2011|4|4|41|47|44.9|72.2|858|936
2690|1|2011|5|3|42|37|54|83.9|337|366
2690|1|2011|5|4|37|49|37.1|63.4|838|917
2690|1|2011|6|3|29|48|28.7|61.6|307|358
2690|1|2011|6|4|23|62|15.7|39.1|783|882
2690|1|2011|7|3|32|61|19.7|56.1|264|338
2690|1|2011|7|4|29|73|11.8|28|772|899
2690|1|2011|8|3|38|69|22.7|45.2|322|367
2690|1|2011|8|4|33|90|10.2|21.3|855|959
2690|1|2011|9|3|40|83.5|19.7|30.1|355|509
2690|1|2011|9|4|33|99|7.3|10.4|756|1009
2690|1|2012|10|3|46|98|23.3|20.7|429|538
2690|1|2012|10|4|40|99|9.2|8.4|630|782
2690|1|2012|4|3|55|51|55.4|80.1|289|343
2690|1|2012|4|4|47|60|39.1|67.2|860|928
2690|1|2012|5|3|42|53|39.9|67.9|313|362
2690|1|2012|5|4|33|63|25.1|55.9|836|896
2690|1|2012|6|3|38|55|34.4|64.9|299|352
2690|1|2012|6|4|27|67|15.8|41.7|824|886
2690|1|2012|7|3|46|76|29|42.5|307|364
2690|1|2012|7|4|40|86|15.4|22.1|767|822
2690|1|2012|8|3|36|72|23.3|40.3|292|359
2690|1|2012|8|4|36|91|10.2|19.3|773|834
2690|1|2012|9|3|34|88|20.7|32|353|565
2690|1|2012|9|4|35|98|9.8|13.3|799|1114
2690|1|2013|10|3|47|98|25.1|24.2|422|475
2690|1|2013|10|4|42|99|8.1|7.7|715|816
2690|1|2013|4|3|52.5|36|65.1|88.8|284|338
2690|1|2013|4|4|48|52|50.1|72|943|992
2690|1|2013|5|3|40|34|52|74.6|277|323
2690|1|2013|5|4|36|58|31.2|49.4|862|923
2690|1|2013|6|3|34|54|35.4|64.4|254|303
2690|1|2013|6|4|34.5|69|19|39.8|806|857
2690|1|2013|7|3|38|65.5|24.2|50.8|318|362
2690|1|2013|7|4|32|76|12.1|28.9|787|848
2690|1|2013|8|3|43.5|75|28.7|44|296|343
2690|1|2013|8|4|38|91|16.5|26.7|740|813
2690|1|2013|9|3|42|90|19.1|28.8|309|475
2690|1|2013|9|4|35|99|5.9|7|759|972
2690|2|2011|10|3|43|4|81.1|77.5|403|468
2690|2|2011|10|4|37|25|60.2|57.3|601|738
2690|2|2011|4|3|49|33|63.7|84.6|270|312
2690|2|2011|4|4|38|43|46.8|60.6|855|935
2690|2|2011|5|3|46|25|69.6|83.6|336|367
2690|2|2011|5|4|37|40.5|47.4|62.7|837|916
2690|2|2011|6|3|40|28|63.5|78.2|307|358
2690|2|2011|6|4|33|40|42|57.5|779|879
2690|2|2011|7|3|38|25|61.5|71.6|265|338
2690|2|2011|7|4|34|43|41.1|45.4|772|899
2690|2|2011|8|3|41|25|67.3|71|321|370
2690|2|2011|8|4|40|44|47.8|44.9|852|959
2690|2|2011|9|3|43.5|13|75.7|77.2|354|509
2690|2|2011|9|4|43|44|48.9|47.1|754|1007
2690|2|2012|10|3|38|11|74|67.1|431|535
2690|2|2012|10|4|37|44|50.2|47.7|632|782
2690|2|2012|4|3|49|32|72|80.9|289|342
2690|2|2012|4|4|40|42|47.5|60.6|867|923
2690|2|2012|5|3|45|29|66.2|78.9|311|360
2690|2|2012|5|4|37|38|47.7|64|836|895
2690|2|2012|6|3|34|22|63.8|77.7|301|352
2690|2|2012|6|4|33|37|44.8|56.6|820|884
2690|2|2012|7|3|40.5|27|60.1|68.4|298|361
2690|2|2012|7|4|36|44|42.1|47.4|770|828
2690|2|2012|8|3|37.5|21|64.9|69.3|288|356
2690|2|2012|8|4|39.5|43.5|45.7|47.9|768|835
2690|2|2012|9|3|41|23|62.1|67.5|356|567
2690|2|2012|9|4|40|44|46.7|47.4|799|1114
2690|2|2013|10|3|51|5|83.1|79.6|415|470
2690|2|2013|10|4|44|29|56.7|53.5|721|817
2690|2|2013|4|3|48|26|69.7|83.4|284|338
2690|2|2013|4|4|40|38.5|53.2|62.4|934|991
2690|2|2013|5|3|39.5|22|65.7|80.7|274|322
2690|2|2013|5|4|37|39|48.8|60.3|877|922
2690|2|2013|6|3|46|24|69.7|79.2|254|303
2690|2|2013|6|4|39|39|48.1|57.7|803|855
2690|2|2013|7|3|38.5|19|67.3|74.4|324|367
2690|2|2013|7|4|39|38|49.2|52.3|781|842
2690|2|2013|8|3|49|19.5|70.2|71.6|292|341
2690|2|2013|8|4|43|38|52.8|51.5|738|813
2690|2|2013|9|3|42|11.5|74.7|74.4|308|473
2690|2|2013|9|4|40|41|46.4|43.7|744|954
470|1|2011|10|5|49|76|41.6|39.3|1270|1435
470|1|2011|10|6|42|99|7.9|7.9|203|227
470|1|2011|4|5|49|41|56.8|79.7|1249|1413
470|1|2011|4|6|52|55|46.8|56.4|348|375
470|1|2011|5|5|56|46|59.9|75|1239|1376
470|1|2011|5|6|50|68|40|43.1|305|333
470|1|2011|6|5|65|57|61|70.5|1214|1379
470|1|2011|6|6|51|70|36|46.5|250|273
470|1|2011|7|5|60|59|51.5|66.4|1244|1376
470|1|2011|7|6|57|84|27|33.2|256|291
470|1|2011|8|5|62|68|46.1|57.6|1370|1526
470|1|2011|8|6|63|96|20.7|23.4|266|293
470|1|2011|9|5|54|70|42.2|48.8|1297|1550
470|1|2011|9|6|50|99|10.6|12.7|263|295
470|1|2012|10|5|51|72|44.1|41.9|1350|1482
470|1|2012|10|6|49|99|10.8|10.3|232|252
470|1|2012|4|5|49.5|56|46.1|77.2|1268|1430
470|1|2012|4|6|43|67|24.9|48.2|329|353
470|1|2012|5|5|56|56|49.5|73.1|1308|1461
470|1|2012|5|6|53|72|30.9|47.4|349|373
470|1|2012|6|5|63|57|56.3|72.4|1257|1428
470|1|2012|6|6|53.5|84|26|33.2|304|331
470|1|2012|7|5|57|68|44.4|56.6|1278|1428
470|1|2012|7|6|52|88|18.2|27.1|247|273
470|1|2012|8|5|64|59|56.1|62.8|1267|1399
470|1|2012|8|6|60|94|24.2|29.6|264|278
470|1|2012|9|5|56|71|41.2|50.5|1356|1586
470|1|2012|9|6|49|99|14.3|17.4|259|292
470|1|2013|10|5|49|79|41.7|40.2|1381|1499
470|1|2013|10|6|48|99|9.1|8.6|252|268
470|1|2013|4|5|46|43|53.3|77.3|1325|1499
470|1|2013|4|6|39|60.5|33.6|49.4|348|387
470|1|2013|5|5|54|46|56.6|70.4|1319|1464
470|1|2013|5|6|51|72|33.9|41.3|333|363
470|1|2013|6|5|59|52|55.5|70.7|1350|1544
470|1|2013|6|6|51|73|29.8|40.5|346|380
470|1|2013|7|5|59|59|50.7|67.7|1299|1426
470|1|2013|7|6|53|84|21.8|29.7|308|340
470|1|2013|8|5|57|60.5|47.4|63.2|1318|1455
470|1|2013|8|6|50.5|90.5|18.5|27.4|254|281
470|1|2013|9|5|54|64|46.4|52.5|1272|1460
470|1|2013|9|6|48|99|16.4|17.6|256|279
470|2|2011|10|5|52|3|83.3|81.4|1270|1435
470|2|2011|10|6|43|87.5|30.9|29.1|204|227
470|2|2011|4|5|52|37|63.2|72.9|1243|1412
470|2|2011|4|6|48|55|42.9|29.1|163|365
470|2|2011|5|5|54|32|68.1|79.2|1237|1377
470|2|2011|5|6|47.5|62|39.8|32.8|284|333
470|2|2011|6|5|54|29|71.1|79.9|1216|1380
470|2|2011|6|6|49|58|42.8|39.6|250|273
470|2|2011|7|5|57|26|75.2|76.3|1245|1376
470|2|2011|7|6|54|60|44.7|35.4|255|292
470|2|2011|8|5|54|20|76.1|76.7|1367|1526
470|2|2011|8|6|50|64|39.7|29.8|267|294
470|2|2011|9|5|49|10|77.4|78.3|1291|1550
470|2|2011|9|6|49|72|30.8|25.7|263|295
470|2|2012|10|5|53|6|80.7|79.2|1347|1482
470|2|2012|10|6|60.5|81.5|36.6|34.9|232|252
470|2|2012|4|5|50|35|61.5|73.9|1258|1429
470|2|2012|4|6|48|53|47.5|32.5|141|348
470|2|2012|5|5|57|31|70.2|77.5|1309|1460
470|2|2012|5|6|55|62|44.4|42.2|342|373
470|2|2012|6|5|56|24|75.8|80.7|1255|1428
470|2|2012|6|6|50|64|39.5|33.8|304|331
470|2|2012|7|5|60|26|75.1|78.4|1279|1429
470|2|2012|7|6|60|62|51|39.2|247|273
470|2|2012|8|5|59|18|78|77.8|1268|1399
470|2|2012|8|6|56|68|45.8|37.9|264|278
470|2|2012|9|5|55|12|78.1|80.1|1354|1586
470|2|2012|9|6|60.5|76|42.2|36.4|258|292
470|2|2013|10|5|45|2|83.8|83|1381|1497
470|2|2013|10|6|49|69.5|43.2|41.6|250|269
470|2|2013|4|5|55|30|67.5|73.9|1325|1500
470|2|2013|4|6|46|53|44.8|33.9|163|380
470|2|2013|5|5|54|29|69.9|76.8|1318|1467
470|2|2013|5|6|55.5|60|47.9|40.6|330|362
470|2|2013|6|5|56|24|73.6|80.3|1349|1543
470|2|2013|6|6|52|58|45.9|45.1|353|386
470|2|2013|7|5|56|19|77.7|79.2|1311|1444
470|2|2013|7|6|54|62|46.9|33.8|311|343
470|2|2013|8|5|51|16|75.9|77.7|1318|1455
470|2|2013|8|6|46.5|57|45.7|37.4|254|281
470|2|2013|9|5|49|8|79.3|80|1271|1458
470|2|2013|9|6|52.5|70|46.1|38|256|279
1040|1|2011|10|5|61|71|45.2|44.5|1467|1641
1040|1|2011|10|6|71|99|31.4|28.2|35|39
1040|1|2011|4|5|56|38|66|86.4|1290|1501
1040|1|2011|4|6|60|42|64.5|66.7|31|36
1040|1|2011|5|5|53|38|61.9|83.3|1301|1518
1040|1|2011|5|6|56.5|48|66.7|65|18|20
1040|1|2011|6|5|56|46|61.4|78.1|1376|1592
1040|1|2011|6|6|53|49|52|70|25|30
1040|1|2011|7|5|55|55|49.8|72.5|1353|1595
1040|1|2011|7|6|47.5|68.5|40.6|47.5|32|40
1040|1|2011|8|5|49|57|44.9|67|1373|1561
1040|1|2011|8|6|54|70|41.9|52.9|31|34
1040|1|2011|9|5|57|63|45.5|55.9|1449|1693
1040|1|2011|9|6|62|77|32.4|45.5|37|44
1040|1|2012|10|5|56|60|49.9|47.9|1525|1722
1040|1|2012|10|6|64.5|98|39.5|40.5|38|43
1040|1|2012|4|5|53|50|55|85.9|1268|1479
1040|1|2012|4|6|63|52|62.2|74.4|37|39
1040|1|2012|5|5|56|49|56.2|82.5|1332|1514
1040|1|2012|5|6|58.5|57|55.9|64.9|34|37
1040|1|2012|6|5|52|52|51.6|77.6|1339|1573
1040|1|2012|6|6|45|75|17.6|30.8|17|26
1040|1|2012|7|5|51|59|44.5|62.5|1426|1623
1040|1|2012|7|6|52|64|52|51.9|25|27
1040|1|2012|8|5|47|50|47.4|64.6|1445|1625
1040|1|2012|8|6|53|75|28.6|46.3|35|41
1040|1|2012|9|5|56|59|50.4|58.7|1406|1638
1040|1|2012|9|6|76|76|45.2|47.1|31|34
1040|1|2013|10|5|55|55|50.3|49|1452|1609
1040|1|2013|10|6|61.5|58.5|53.6|47.2|28|36
1040|1|2013|4|5|56|38|66.1|87.3|1310|1533
1040|1|2013|4|6|59|50|57.6|68.3|33|41
1040|1|2013|5|5|58|34|68.2|81.1|1327|1500
1040|1|2013|5|6|65|41|68.6|73.8|35|42
1040|1|2013|6|5|53|45|55.5|78.1|1367|1634
1040|1|2013|6|6|55|49|45.2|72.2|31|36
1040|1|2013|7|5|55|57|52.5|74.4|1417|1630
1040|1|2013|7|6|71|81|33.3|34.6|21|26
1040|1|2013|8|5|49|56|45.1|66.1|1490|1676
1040|1|2013|8|6|52|58|45.8|51.7|24|29
1040|1|2013|9|5|56|66|45.6|53.1|1465|1768
1040|1|2013|9|6|48|92|23.7|28.9|38|45
1040|2|2011|10|5|52|2|88.4|88.1|1463|1641
1040|2|2011|10|6|66|14|74.3|71.8|35|39
1040|2|2011|4|5|57|32|72.3|84.3|1283|1499
1040|2|2011|4|6|59|42|54.8|61.1|31|36
1040|2|2011|5|5|55|28|73.7|85.7|1297|1518
1040|2|2011|5|6|59|47|58.8|60|17|20
1040|2|2011|6|5|58|25|79|87.2|1379|1592
1040|2|2011|6|6|46|30|72|65.5|25|30
1040|2|2011|7|5|54|22|79.8|86.6|1347|1597
1040|2|2011|7|6|55.5|43|53.1|47.5|32|40
1040|2|2011|8|5|54|15|80.1|83.5|1371|1559
1040|2|2011|8|6|52|26|67.9|76.7|28|34
1040|2|2011|9|5|55|6|87|88.8|1441|1693
1040|2|2011|9|6|71|46|59.5|56.8|37|44
1040|2|2012|10|5|51|3|88.8|87.7|1519|1715
1040|2|2012|10|6|68.5|44.5|60.5|57.1|38|42
1040|2|2012|4|5|57|31|73.7|84.6|1256|1477
1040|2|2012|4|6|57.5|37|72.2|66.7|36|40
1040|2|2012|5|5|51|24|73.2|86.2|1328|1516
1040|2|2012|5|6|66|41.5|85.3|75.7|34|37
1040|2|2012|6|5|54|20|78.4|86.1|1331|1572
1040|2|2012|6|6|60|40|70.6|53.8|17|26
1040|2|2012|7|5|49|22|73.9|82.4|1423|1621
1040|2|2012|7|6|65.5|33.5|70.8|70.4|24|27
1040|2|2012|8|5|49|13|78.9|85.3|1441|1624
1040|2|2012|8|6|54|42|65.7|53.7|35|41
1040|2|2012|9|5|48|8|83.6|87.3|1398|1637
1040|2|2012|9|6|45|23|74.1|64.7|27|34
1040|2|2013|10|5|54|2|89.7|88.9|1442|1606
1040|2|2013|10|6|57|11|78.6|66.7|28|36
1040|2|2013|4|5|53|27|73.3|83.9|1305|1532
1040|2|2013|4|6|48|42|51.5|57.5|33|40
1040|2|2013|5|5|54|22|77.7|84.2|1325|1501
1040|2|2013|5|6|66.5|24|73.5|73.8|34|42
1040|2|2013|6|5|51|18|78.9|87.2|1363|1630
1040|2|2013|6|6|69|29|87.1|75|31|36
1040|2|2013|7|5|52|17|79.7|84.2|1412|1628
1040|2|2013|7|6|58|40|52.4|53.8|21|26
1040|2|2013|8|5|51|14|81|83.3|1486|1673
1040|2|2013|8|6|62.5|16|70.8|62.1|24|29
1040|2|2013|9|5|55|5|88.1|87.6|1460|1761
1040|2|2013|9|6|71.5|24.5|55.3|48.9|38|45
2690|1|2011|10|5|40|97|20.5|18.6|858|1037
2690|1|2011|10|6|27.5|99|7.9|7.3|152|170
2690|1|2011|4|5|42|44|48.6|77.5|1029|1138
2690|1|2011|4|6|37|46|43.9|66.7|98|111
2690|1|2011|5|5|38|46|42.8|70.4|1059|1159
2690|1|2011|5|6|35.5|51|34.5|58.1|116|124
2690|1|2011|6|5|25|58|19.6|46.3|1005|1149
2690|1|2011|6|6|19|64.5|16.5|36.7|85|91
2690|1|2011|7|5|30|69|14.7|37.8|875|1048
2690|1|2011|7|6|30|77|8.7|23.8|161|189
2690|1|2011|8|5|35|81|14.5|28.9|980|1118
2690|1|2011|8|6|33|92|9.1|22.7|197|208
2690|1|2011|9|5|35|97|12|17.7|911|1268
2690|1|2011|9|6|35|99|8|13.6|200|250
2690|1|2012|10|5|43|99|15.4|14|885|1108
2690|1|2012|10|6|40.5|99|12.6|11.2|174|212
2690|1|2012|4|5|49|57|44.2|71.9|1057|1167
2690|1|2012|4|6|43|64|31.5|57.8|92|104
2690|1|2012|5|5|35|61|29.8|60.1|1052|1151
2690|1|2012|5|6|32|63|22.7|51.4|97|107
2690|1|2012|6|5|30|64|21.7|49.8|1012|1120
2690|1|2012|6|6|24|70.5|11.7|33.3|111|118
2690|1|2012|7|5|43|82|20|29.8|994|1097
2690|1|2012|7|6|39|88|10|11.2|80|89
2690|1|2012|8|5|36|85|14.4|27.1|897|1014
2690|1|2012|8|6|34.5|95|10.7|16.9|168|179
2690|1|2012|9|5|35|95|14.3|21.2|955|1426
2690|1|2012|9|6|35|99|7.1|11.6|197|253
2690|1|2013|10|5|44|99|16.1|15.4|953|1087
2690|1|2013|10|6|44.5|99|6|5.4|184|204
2690|1|2013|4|5|49|48|54.1|76.9|1130|1226
2690|1|2013|4|6|47|54|47.4|68.3|97|104
2690|1|2013|5|5|38|52|37.2|57.4|1043|1142
2690|1|2013|5|6|23|65.5|26|40.4|96|104
2690|1|2013|6|5|34|66|23|46.7|964|1061
2690|1|2013|6|6|38|68|21.9|40.4|96|99
2690|1|2013|7|5|33|73|15.9|36.7|1003|1101
2690|1|2013|7|6|37|82|12.7|22.9|102|109
2690|1|2013|8|5|40|85|20.3|32.5|956|1070
2690|1|2013|8|6|38|95.5|16.2|23.3|80|86
2690|1|2013|9|5|36|98|10.2|15.1|902|1259
2690|1|2013|9|6|42|99|7.2|8|166|188
2690|2|2011|10|5|40|9|70.8|67.1|852|1035
2690|2|2011|10|6|39|30|56.6|54.3|152|171
2690|2|2011|4|5|41|40|52|68.2|1030|1140
2690|2|2011|4|6|30|43.5|37.9|49.1|95|107
2690|2|2011|5|5|40|36|55.2|70.3|1060|1158
2690|2|2011|5|6|34|44|40.7|53.7|113|125
2690|2|2011|6|5|37|36|49.6|64.3|1001|1145
2690|2|2011|6|6|25|39|30.6|53.3|85|92
2690|2|2011|7|5|36|35|48.5|55.6|877|1049
2690|2|2011|7|6|32|47|34.4|35.1|160|188
2690|2|2011|8|5|41|35.5|54.5|53.6|979|1121
2690|2|2011|8|6|38.5|47|45.9|44.7|194|208
2690|2|2011|9|5|43|28|59.8|59.2|913|1270
2690|2|2011|9|6|40|49|46.7|47.7|195|246
2690|2|2012|10|5|37|21|61.5|57.3|889|1107
2690|2|2012|10|6|37|48.5|51.1|46.9|174|210
2690|2|2012|4|5|45|37|55.9|68.1|1062|1163
2690|2|2012|4|6|30.5|44|27.7|43.1|94|102
2690|2|2012|5|5|40|36|53.6|69.4|1052|1150
2690|2|2012|5|6|30|39|43.2|56.2|95|105
2690|2|2012|6|5|33.5|32|50.9|64.6|1014|1120
2690|2|2012|6|6|34|44.5|40.2|42.6|107|116
2690|2|2012|7|5|37|38|48.5|55|985|1097
2690|2|2012|7|6|39|46|30.1|38.5|83|92
2690|2|2012|8|5|39|34|53.5|57.3|889|1010
2690|2|2012|8|6|36|61|37.1|37.6|167|181
2690|2|2012|9|5|40|35|53|55.8|960|1429
2690|2|2012|9|6|43|47.5|43.6|45.8|195|252
2690|2|2013|10|5|46.5|15|68.2|65|952|1083
2690|2|2013|10|6|44|25|57.1|52.5|184|204
2690|2|2013|4|5|42|34|57.7|68.9|1123|1226
2690|2|2013|4|6|35|47|49.5|53.4|95|103
2690|2|2013|5|5|37|32|53.4|67.5|1056|1141
2690|2|2013|5|6|48|45|46.3|44.7|95|103
2690|2|2013|6|5|39|36|53.8|64.2|963|1060
2690|2|2013|6|6|46|48.5|47.9|53.1|94|98
2690|2|2013|7|5|39|31|55.2|60.2|1005|1102
2690|2|2013|7|6|42.5|49|47|46.7|100|107
2690|2|2013|8|5|44|30|58.4|58.5|949|1069
2690|2|2013|8|6|39|41|50.6|44.7|81|85
2690|2|2013|9|5|41|27|57.1|56.2|891|1243
2690|2|2013|9|6|40|51|41|38|161|184
470|1|2011|10|7|48|83|39|37|1381|1542
470|1|2011|10|8|46.5|99|5.4|6.3|92|120
470|1|2011|4|7|51|42|56.9|77.9|1486|1659
470|1|2011|4|8|29|59|25.2|34.9|111|129
470|1|2011|5|7|57|47|58.9|72.3|1420|1567
470|1|2011|5|8|35.5|70.5|22.6|29.6|124|142
470|1|2011|6|7|64|59|59|69.4|1370|1537
470|1|2011|6|8|48.5|80|24.5|26.8|94|115
470|1|2011|7|7|60|63|49.3|63.4|1414|1563
470|1|2011|7|8|37.5|95|15.1|18.4|86|104
470|1|2011|8|7|63|70|43.5|54.5|1534|1707
470|1|2011|8|8|55.5|99|17.6|15.5|102|112
470|1|2011|9|7|53|76|39.1|46|1458|1706
470|1|2011|9|8|53|99|4.9|5.8|102|139
470|1|2012|10|7|51|77|41.6|39.7|1473|1610
470|1|2012|10|8|47|99|6.4|6.5|109|124
470|1|2012|4|7|49.5|57|43|73.9|1488|1658
470|1|2012|4|8|32|73|23.9|38.7|109|125
470|1|2012|5|7|55|57|47.9|71.3|1535|1690
470|1|2012|5|8|46.5|86|17.2|27.5|122|144
470|1|2012|6|7|63|60|53.3|68.8|1431|1615
470|1|2012|6|8|46|92|18.5|22.4|130|144
470|1|2012|7|7|57|70|42|54.6|1436|1590
470|1|2012|7|8|39|95|10.1|11.7|89|111
470|1|2012|8|7|64|62|52.9|60.3|1450|1577
470|1|2012|8|8|45|99|9.9|10|81|100
470|1|2012|9|7|55|75|38.8|48|1509|1745
470|1|2012|9|8|55.5|99|9.4|10.2|106|133
470|1|2013|10|7|49|84|38.7|37.4|1532|1657
470|1|2013|10|8|49|99|5.9|5.5|101|110
470|1|2013|4|7|46|46|51.5|75.1|1547|1743
470|1|2013|4|8|29|70|20.6|28.7|126|143
470|1|2013|5|7|53|51|53.6|67|1549|1712
470|1|2013|5|8|52|83|28.2|29.6|103|115
470|1|2013|6|7|59|55|53.2|68.5|1568|1773
470|1|2013|6|8|37.5|90.5|14.1|19.9|128|151
470|1|2013|7|7|58|62|47.4|63.9|1491|1635
470|1|2013|7|8|54.5|96|16.4|16.8|116|131
470|1|2013|8|7|56.5|63|44.7|60.1|1480|1628
470|1|2013|8|8|52|99|12|16.7|92|108
470|1|2013|9|7|54|74|43.3|49.2|1449|1641
470|1|2013|9|8|37|99|6.3|8.2|79|98
470|2|2011|10|7|51|4|79.4|77.6|1380|1542
470|2|2011|10|8|45.5|95|26.6|26.4|94|120
470|2|2011|4|7|53|37|63.9|67.4|1305|1649
470|2|2011|4|8|30|69|21.8|19.5|101|128
470|2|2011|5|7|54|35|65.7|73.8|1399|1568
470|2|2011|5|8|36|64|29.5|30.3|122|142
470|2|2011|6|7|54|32|68.7|76.2|1370|1537
470|2|2011|6|8|38|63|32.3|32.7|96|116
470|2|2011|7|7|57|28|72.1|72.5|1414|1564
470|2|2011|7|8|46.5|70.5|36|20.2|86|104
470|2|2011|8|7|55|23|73.1|72.4|1532|1708
470|2|2011|8|8|33.5|82|25.5|19.8|102|112
470|2|2011|9|7|50|12|72.4|73.7|1455|1706
470|2|2011|9|8|44|86|27.3|22.8|99|139
470|2|2012|10|7|56|7|78|76.7|1471|1610
470|2|2012|10|8|39|95.5|22.2|21|108|124
470|2|2012|4|7|50|36|62.2|68.3|1299|1652
470|2|2012|4|8|39.5|62.5|33|32.5|100|125
470|2|2012|5|7|57|34|68|74.2|1529|1689
470|2|2012|5|8|41|80|26.2|24.6|122|144
470|2|2012|6|7|56|27|72|75.6|1430|1615
470|2|2012|6|8|50|71|32.6|29.1|129|144
470|2|2012|7|7|60|28|73.2|75.1|1436|1590
470|2|2012|7|8|55|68.5|38.9|28.8|90|112
470|2|2012|8|7|59|21|75.2|74.7|1450|1577
470|2|2012|8|8|41|77.5|24.4|16|82|100
470|2|2012|9|7|56|14|75.6|77.1|1506|1745
470|2|2012|9|8|46.5|91|27.4|22|106|133
470|2|2013|10|7|48|3|81.5|80.6|1530|1656
470|2|2013|10|8|32|98|17.8|18.2|101|110
470|2|2013|4|7|56|31|68.7|69.4|1370|1737
470|2|2013|4|8|30.5|72|22.9|23.1|118|143
470|2|2013|5|7|55|32|67.6|72.3|1545|1713
470|2|2013|5|8|44|73|33|30.2|103|116
470|2|2013|6|7|56|29|71.3|77.8|1572|1776
470|2|2013|6|8|39.5|80.5|26.2|20.9|130|153
470|2|2013|7|7|56|21|74.8|74.1|1507|1655
470|2|2013|7|8|47|74|33|25.8|115|132
470|2|2013|8|7|51|18|73.3|73.7|1480|1628
470|2|2013|8|8|39|73|33.7|33.3|92|108
470|2|2013|9|7|50|10|76.7|76.3|1448|1640
470|2|2013|9|8|39|92|19|20.6|79|97
1040|1|2011|10|7|61|69|47|46.2|1424|1592
1040|1|2011|10|8|51.5|99|6.4|5.7|78|88
1040|1|2011|4|7|57|37|68.3|89|1229|1424
1040|1|2011|4|8|44.5|57|35.9|47.3|92|113
1040|1|2011|5|7|54|37|64.5|86.4|1207|1413
1040|1|2011|5|8|43|61|33.9|44.8|112|125
1040|1|2011|6|7|57|43|64.1|81.7|1291|1502
1040|1|2011|6|8|40|73.5|27.3|30.8|110|120
1040|1|2011|7|7|55|54|51.4|74.3|1310|1549
1040|1|2011|7|8|48|89.5|18.7|28.2|75|86
1040|1|2011|8|7|50|55|46.9|69.8|1317|1497
1040|1|2011|8|8|44|97|12.6|18.6|87|98
1040|1|2011|9|7|58|60|47|58|1409|1645
1040|1|2011|9|8|47|99|11.7|12.2|77|92
1040|1|2012|10|7|57|58|51.2|49.3|1505|1700
1040|1|2012|10|8|30|99|8.6|7.7|58|65
1040|1|2012|4|7|54|49|58|88.9|1205|1406
1040|1|2012|4|8|38.5|66|21|44.1|100|112
1040|1|2012|5|7|56|48|58.6|85.3|1270|1440
1040|1|2012|5|8|47|78|25|39.1|96|111
1040|1|2012|6|7|52|49|53.6|80.2|1263|1485
1040|1|2012|6|8|44|83|18.3|33|93|114
1040|1|2012|7|7|51|57|46.3|65|1363|1550
1040|1|2012|7|8|51|92.5|18.2|19.6|88|100
1040|1|2012|8|7|47|49|48.5|66.4|1403|1578
1040|1|2012|8|8|51|97|18.2|23|77|88
1040|1|2012|9|7|57|56|52.5|61|1362|1583
1040|1|2012|9|8|58|99|10.7|13.5|75|89
1040|1|2013|10|7|56|48|52.5|51.1|1401|1556
1040|1|2013|10|8|51|99|12.7|11.2|79|89
1040|1|2013|4|7|56|37|67.9|89.3|1248|1464
1040|1|2013|4|8|49|59|40|52.7|95|110
1040|1|2013|5|7|58|33|71.2|84.8|1260|1424
1040|1|2013|5|8|46.5|74|31.4|33.1|102|118
1040|1|2013|6|7|53|44|57.3|81.2|1305|1563
1040|1|2013|6|8|51|79|26.9|30.8|93|107
1040|1|2013|7|7|56|55|54.2|77|1353|1555
1040|1|2013|7|8|55|86|20|22.8|85|101
1040|1|2013|8|7|49|53|47.3|69.1|1426|1606
1040|1|2013|8|8|49|99|9.1|14.1|88|99
1040|1|2013|9|7|56|65|46.5|54.3|1427|1724
1040|1|2013|9|8|47|99|17.1|16.9|76|89
1040|2|2011|10|7|52|2|90.8|90.1|1419|1590
1040|2|2011|10|8|53|64.5|40.5|43.8|79|90
1040|2|2011|4|7|58|32|74.4|87.1|1223|1423
1040|2|2011|4|8|44|56.5|38.5|40|91|112
1040|2|2011|5|7|55|27|75.1|88.6|1204|1412
1040|2|2011|5|8|59|58|56.4|49.2|110|126
1040|2|2011|6|7|58|23|81.5|90.7|1293|1502
1040|2|2011|6|8|57|60|47.7|38.3|111|120
1040|2|2011|7|7|55|22|81.1|88|1305|1550
1040|2|2011|7|8|47.5|54|44.6|43.5|74|87
1040|2|2011|8|7|54|14|82.7|86.8|1314|1497
1040|2|2011|8|8|44|67|35.3|28.4|85|96
1040|2|2011|9|7|56|6|89.2|91|1402|1644
1040|2|2011|9|8|42|72|31.6|32.6|76|93
1040|2|2012|10|7|51|3|90.5|89.3|1497|1691
1040|2|2012|10|8|48|83|28.3|28.8|60|66
1040|2|2012|4|7|58|30|76.1|88|1193|1405
1040|2|2012|4|8|42|53.5|44.4|35.5|99|112
1040|2|2012|5|7|53|23|76.9|89.6|1266|1440
1040|2|2012|5|8|41|62|29.2|38.7|96|113
1040|2|2012|6|7|54|19|80.5|88.8|1259|1483
1040|2|2012|6|8|51|58|48.3|41.8|89|115
1040|2|2012|7|7|50|21|75.6|85.2|1359|1548
1040|2|2012|7|8|50|65|47.7|34|88|100
1040|2|2012|8|7|49|12|80.7|87|1401|1577
1040|2|2012|8|8|40|53|40|40.2|75|88
1040|2|2012|9|7|49|7|86|89.8|1355|1582
1040|2|2012|9|8|46|79|34.3|30.5|70|89
1040|2|2013|10|7|54|2|91.9|91.1|1399|1555
1040|2|2013|10|8|44|79|40.8|40.2|71|87
1040|2|2013|4|7|54|26.5|75.6|86.3|1244|1463
1040|2|2013|4|8|42|56|35.1|41.3|94|109
1040|2|2013|5|7|54|21|80.3|88.1|1258|1426
1040|2|2013|5|8|53|60|44.6|33.3|101|117
1040|2|2013|6|7|52|17|81|89.8|1303|1561
1040|2|2013|6|8|56|61|51.6|44.8|91|105
1040|2|2013|7|7|52|16|81.3|86.9|1351|1553
1040|2|2013|7|8|44.5|57|46.3|35.6|82|101
1040|2|2013|8|7|52|13|83.8|86.1|1422|1604
1040|2|2013|8|8|33.5|64.5|31.8|30.6|88|98
1040|2|2013|9|7|55|5|88.8|88.5|1424|1719
1040|2|2013|9|8|58.5|45|58.1|49.4|74|87
2690|1|2011|10|7|38|97|19.7|18.1|947|1124
2690|1|2011|10|8|41|99|1.6|1.3|63|83
2690|1|2011|4|7|42|42|50.7|81.2|998|1109
2690|1|2011|4|8|36|60|28.7|38.8|129|140
2690|1|2011|5|7|38|44|43.7|73.2|1059|1148
2690|1|2011|5|8|39.5|67|25.9|35.6|116|135
2690|1|2011|6|7|25|57|20.4|49.3|999|1122
2690|1|2011|6|8|20|79|7.7|9.6|91|118
2690|1|2011|7|7|30|68|14.1|38.2|943|1121
2690|1|2011|7|8|28|93|10.8|11.3|93|116
2690|1|2011|8|7|36|80|14.4|29.8|1091|1225
2690|1|2011|8|8|25|98|3.5|5.1|86|101
2690|1|2011|9|7|35|97|12.1|18.4|1026|1397
2690|1|2011|9|8|34|99|1.2|1.7|85|121
2690|1|2012|10|7|42.5|99|15.9|14.5|988|1226
2690|1|2012|10|8|40|99|1.4|1.1|71|94
2690|1|2012|4|7|50|57|45.7|75|1033|1144
2690|1|2012|4|8|40.5|71|20.7|31.5|116|127
2690|1|2012|5|7|36|60|31|63.4|1038|1129
2690|1|2012|5|8|28|79|11.7|24|111|129
2690|1|2012|6|7|31|63|22.1|52.1|1019|1120
2690|1|2012|6|8|16.5|89|7.7|12|104|118
2690|1|2012|7|7|42|80|20.3|30.4|992|1095
2690|1|2012|7|8|41|96|7.3|4.4|82|91
2690|1|2012|8|7|36|85|14.8|27.3|976|1091
2690|1|2012|8|8|36|99|3.4|7|89|102
2690|1|2012|9|7|35|95|13.9|20.7|1083|1577
2690|1|2012|9|8|26|99|1.4|3.3|69|102
2690|1|2013|10|7|44|99|15.2|14.6|1073|1209
2690|1|2013|10|8|45.5|99|1.6|1.2|64|82
2690|1|2013|4|7|51|47|56.2|79.5|1099|1192
2690|1|2013|4|8|38.5|65|30.5|47.8|128|138
2690|1|2013|5|7|38|48|38.8|60.3|1020|1117
2690|1|2013|5|8|32|79|14.3|17.8|119|129
2690|1|2013|6|7|35|64|24.5|50.4|939|1032
2690|1|2013|6|8|24|87|10.7|12.5|121|128
2690|1|2013|7|7|33|72|16.4|38.1|1000|1094
2690|1|2013|7|8|36|95|7.6|10.3|105|116
2690|1|2013|8|7|40|83|21|34.3|953|1054
2690|1|2013|8|8|44|99|8.4|6.9|83|102
2690|1|2013|9|7|38|98|10.5|15.4|977|1325
2690|1|2013|9|8|17|99|1.1|0.8|91|122
2690|2|2011|10|7|40|9|72.1|69|944|1123
2690|2|2011|10|8|34|95.5|13.3|10.8|60|83
2690|2|2011|4|7|41|39|53.7|71|995|1108
2690|2|2011|4|8|36|59|29.2|31.2|130|139
2690|2|2011|5|7|40|35|55.3|73|1057|1149
2690|2|2011|5|8|37|61|39.7|31.3|116|134
2690|2|2011|6|7|36|34|50.1|68.2|994|1119
2690|2|2011|6|8|33.5|66|26.1|17.5|92|118
2690|2|2011|7|7|35|34|48.2|56.2|944|1121
2690|2|2011|7|8|38|67|26.9|17.4|93|116
2690|2|2011|8|7|40|34|55.5|55.2|1087|1225
2690|2|2011|8|8|42|79|23.3|16.7|86|104
2690|2|2011|9|7|43|28|60.8|60.8|1024|1397
2690|2|2011|9|8|40.5|93|16.7|15.8|84|119
2690|2|2012|10|7|37|21|63|59|993|1223
2690|2|2012|10|8|39.5|99|14.3|11.5|70|94
2690|2|2012|4|7|45|37|56.3|70.5|1042|1143
2690|2|2012|4|8|27.5|56|28.9|24.6|114|122
2690|2|2012|5|7|40|35|56.1|73.4|1036|1127
2690|2|2012|5|8|31|65|21.6|22.7|111|128
2690|2|2012|6|7|34.5|30|52.6|67.4|1016|1115
2690|2|2012|6|8|17|66|23.8|18.3|105|121
2690|2|2012|7|7|37|37|49.7|57.2|984|1094
2690|2|2012|7|8|34.5|74|16.7|13.8|84|95
2690|2|2012|8|7|39|34|53.8|57.9|968|1088
2690|2|2012|8|8|30|77|19.3|16.2|88|103
2690|2|2012|9|7|41|34|53.9|56.6|1088|1580
2690|2|2012|9|8|23|89|11.9|13.6|67|101
2690|2|2013|10|7|46|14|69.2|66|1072|1205
2690|2|2013|10|8|45.5|98.5|18.8|19.5|64|82
2690|2|2013|4|7|43|33|60.2|71.8|1090|1190
2690|2|2013|4|8|30|56|30.5|33.1|128|139
2690|2|2013|5|7|38|31|56.5|70.1|1033|1118
2690|2|2013|5|8|32|69.5|20.3|25.4|118|126
2690|2|2013|6|7|42|33|57.4|68.5|937|1030
2690|2|2013|6|8|31.5|69|20.8|21.1|120|128
2690|2|2013|7|7|40|30|58|63.6|999|1092
2690|2|2013|7|8|28|72|21.7|16.2|106|117
2690|2|2013|8|7|44.5|29.5|61|61.3|952|1056
2690|2|2013|8|8|39|81|17.9|16.3|78|98
2690|2|2013|9|7|42|26|57.9|57.3|966|1310
2690|2|2013|9|8|30|87|18.6|15.4|86|117
470|1|2011|10|9|48|93|30.6|29.1|1295|1483
470|1|2011|10|10|45|3|83.1|83.1|178|179
470|1|2011|4|9|49|45|52.6|73.7|1524|1714
470|1|2011|4|10|75|22|97.3|100|73|74
470|1|2011|5|9|54|52|53|66.5|1429|1592
470|1|2011|5|10|61|21|92.2|100|115|117
470|1|2011|6|9|62|64|52.2|63.1|1310|1498
470|1|2011|6|10|73|22.5|95.5|99.4|154|154
470|1|2011|7|9|59|68|42.2|55.9|1319|1484
470|1|2011|7|10|65|28|84.5|98.9|181|183
470|1|2011|8|9|62|77|36.1|46.7|1450|1633
470|1|2011|8|10|65.5|19|87.6|99.5|186|186
470|1|2011|9|9|53|87|29.7|36.6|1348|1633
470|1|2011|9|10|54|6|82.1|92|212|212
470|1|2012|10|9|51|95|31.8|30.3|1384|1532
470|1|2012|10|10|51|2|90.9|90.9|198|202
470|1|2012|4|9|47|59|39|70|1514|1697
470|1|2012|4|10|75|30|90.4|100|83|86
470|1|2012|5|9|55|61|42.2|65.4|1525|1701
470|1|2012|5|10|57.5|24|84.8|100|132|133
470|1|2012|6|9|60|66|45.1|61.4|1399|1594
470|1|2012|6|10|73|24|96.3|100|162|165
470|1|2012|7|9|56|75|35.4|46.8|1362|1537
470|1|2012|7|10|62|20|79.8|98.8|163|164
470|1|2012|8|9|63|72|44.7|52.3|1356|1500
470|1|2012|8|10|63|7|96.6|100|175|177
470|1|2012|9|9|55|84|30.3|39.9|1439|1702
470|1|2012|9|10|54.5|5|90.3|98.3|176|176
470|1|2013|10|9|49|94|30.4|29.5|1466|1600
470|1|2013|10|10|49|1|91.6|91.6|167|167
470|1|2013|4|9|43|49|45.6|69.5|1550|1759
470|1|2013|4|10|68|22|94.3|100|123|127
470|1|2013|5|9|52|57|47.7|60.9|1477|1646
470|1|2013|5|10|61|18|88.6|98.3|175|181
470|1|2013|6|9|56|62|44.8|60.4|1490|1715
470|1|2013|6|10|68.5|19|89.8|100|206|209
470|1|2013|7|9|57|69|39.5|56|1426|1583
470|1|2013|7|10|62|19|90.1|98.9|181|183
470|1|2013|8|9|55|72|36.8|52.4|1387|1550
470|1|2013|8|10|61|10|87.6|98.9|185|186
470|1|2013|9|9|53|86|34.5|40.9|1347|1557
470|1|2013|9|10|53|3|92.3|98.4|181|182
470|2|2011|10|9|49|7|73.1|71.3|1296|1483
470|2|2011|10|10|60|1|97.2|97.2|178|179
470|2|2011|4|9|50|40|59|62.4|1333|1703
470|2|2011|4|10|75|16|94.5|100|73|74
470|2|2011|5|9|52|40|60.3|68|1407|1593
470|2|2011|5|10|60.5|13|93|100|114|117
470|2|2011|6|9|52|37|63.2|70.5|1312|1499
470|2|2011|6|10|64|11|92.9|100|154|154
470|2|2011|7|9|55|33|66.6|65.4|1319|1485
470|2|2011|7|10|68|9|95|100|181|183
470|2|2011|8|9|53|28|66.6|65.8|1448|1634
470|2|2011|8|10|62|4|97.8|98.9|186|186
470|2|2011|9|9|48|20|65.1|66|1342|1633
470|2|2011|9|10|58.5|2|97.6|99.5|212|212
470|2|2012|10|9|54|11|70.5|69.1|1380|1532
470|2|2012|10|10|57|1|100|100|199|202
470|2|2012|4|9|47|37|57.9|64.1|1317|1691
470|2|2012|4|10|70|15|96.3|100|82|86
470|2|2012|5|9|55|38|62.3|68|1519|1700
470|2|2012|5|10|66|8|94.7|100|132|133
470|2|2012|6|9|55|34|65.5|68.9|1398|1594
470|2|2012|6|10|63|9|96.9|100|161|165
470|2|2012|7|9|59|34|68.3|69.1|1363|1538
470|2|2012|7|10|64|9|95.1|100|163|164
470|2|2012|8|9|58|29|69.2|67.8|1357|1500
470|2|2012|8|10|59|4|97.7|100|175|177
470|2|2012|9|9|55|21|69.2|70.6|1436|1702
470|2|2012|9|10|58|1|98.9|99.4|176|176
470|2|2013|10|9|46|5|75.1|74.4|1464|1599
470|2|2013|10|10|56|1|99.4|99.4|167|167
470|2|2013|4|9|52|34|62.2|63.4|1371|1753
470|2|2013|4|10|75|13|98.3|100|117|127
470|2|2013|5|9|53|38|62.1|66.4|1473|1648
470|2|2013|5|10|65|9|93.7|98.9|175|181
470|2|2013|6|9|55|36|64.4|70|1496|1720
470|2|2013|6|10|54.5|6|92.7|100|206|209
470|2|2013|7|9|55|28|68.7|67.1|1441|1604
470|2|2013|7|10|61|7|96.7|100|181|183
470|2|2013|8|9|50|22|67.6|67.7|1387|1550
470|2|2013|8|10|55|4|96.8|100|185|186
470|2|2013|9|9|49|14.5|70.4|70.1|1346|1555
470|2|2013|9|10|54|1|98.3|100|181|182
1040|1|2011|10|9|59|87|35.6|35.6|1251|1424
1040|1|2011|10|10|67|2|91.2|91|251|256
1040|1|2011|4|9|53|41|61.7|84|1141|1348
1040|1|2011|4|10|77|28|93.3|99.5|180|189
1040|1|2011|5|9|50|43|56.3|80.5|1121|1336
1040|1|2011|5|10|69|22|93.9|100|198|202
1040|1|2011|6|9|55|51|55.3|74.4|1175|1395
1040|1|2011|6|10|61.5|20|92|100|226|227
1040|1|2011|7|9|54|62|43.4|67.3|1151|1397
1040|1|2011|7|10|60.5|27|79.9|99.2|234|238
1040|1|2011|8|9|49|66|36.9|59.7|1116|1303
1040|1|2011|8|10|50|20|75.3|97.9|288|292
1040|1|2011|9|9|57|75|36.3|48.3|1218|1466
1040|1|2011|9|10|58|10|85.4|94.8|268|271
1040|1|2012|10|9|55.5|77|40.8|39.7|1300|1500
1040|1|2012|10|10|58|2|93.2|93.2|263|265
1040|1|2012|4|9|51|52|51.3|84.1|1166|1374
1040|1|2012|4|10|74|29|87.8|100|139|144
1040|1|2012|5|9|54|53|50.6|79.4|1183|1354
1040|1|2012|5|10|65|25|92.3|100|183|197
1040|1|2012|6|9|52|58|44.8|72.8|1123|1359
1040|1|2012|6|10|52|21|82|99.6|233|240
1040|1|2012|7|9|51|67|37.1|55.3|1188|1378
1040|1|2012|7|10|55|21|78.3|98.2|263|272
1040|1|2012|8|9|46|64|36.6|56.4|1175|1357
1040|1|2012|8|10|51|12|86.9|98.4|305|309
1040|1|2012|9|9|56|71|40.7|50.7|1156|1387
1040|1|2012|9|10|58|7|89.7|96.5|281|285
1040|1|2013|10|9|56|82|40.6|40.1|1211|1373
1040|1|2013|10|10|54|2|94.1|93.8|269|272
1040|1|2013|4|9|54|41|62.8|85.4|1204|1423
1040|1|2013|4|10|74|19|92.8|100|139|151
1040|1|2013|5|9|57|38|65|78.7|1214|1385
1040|1|2013|5|10|68.5|13|94.6|100|148|157
1040|1|2013|6|9|52.5|50|50|74.9|1196|1456
1040|1|2013|6|10|58.5|18|86.6|99.1|202|214
1040|1|2013|7|9|55|63|46.3|69.6|1211|1429
1040|1|2013|7|10|58|21|83.7|99.6|227|227
1040|1|2013|8|9|49|65|35.2|58.1|1203|1383
1040|1|2013|8|10|50|17|83.3|99.4|311|322
1040|1|2013|9|9|56|77|35|44|1224|1525
1040|1|2013|9|10|52|6|88.9|97.2|279|288
1040|2|2011|10|9|52|3|85.8|85.5|1246|1424
1040|2|2011|10|10|55|1|99.6|99.6|252|256
1040|2|2011|4|9|55|35|68.1|81.5|1133|1345
1040|2|2011|4|10|69|17|95.6|100|181|190
1040|2|2011|5|9|54|31|69.4|83.2|1116|1334
1040|2|2011|5|10|62.5|13|96.5|100|198|204
1040|2|2011|6|9|57|29|75.6|84.6|1178|1395
1040|2|2011|6|10|63|12|95.6|100|226|227
1040|2|2011|7|9|54|25|76.3|83.2|1146|1398
1040|2|2011|7|10|55|9|93.6|100|233|239
1040|2|2011|8|9|52|19|75.6|79.7|1111|1302
1040|2|2011|8|10|60|5|96.2|99.7|288|291
1040|2|2011|9|9|54|9|83.6|85.7|1211|1467
1040|2|2011|9|10|59|2|98.5|100|267|270
1040|2|2012|10|9|52|5|85.9|84.9|1294|1492
1040|2|2012|10|10|48|1|98.9|98.9|263|265
1040|2|2012|4|9|54|32|70.9|82.5|1153|1373
1040|2|2012|4|10|75|19|96.4|100|139|144
1040|2|2012|5|9|51|28|70.4|84|1177|1355
1040|2|2012|5|10|56|9|93|99.5|185|198
1040|2|2012|6|9|52|25|74.7|83|1115|1358
1040|2|2012|6|10|59|9|95.7|100|233|240
1040|2|2012|7|9|49|25|69.7|78.8|1185|1376
1040|2|2012|7|10|50.5|10|92.7|99.3|262|272
1040|2|2012|8|9|49|19|74.5|81.1|1172|1356
1040|2|2012|8|10|46.5|4|94.4|99.7|304|309
1040|2|2012|9|9|47|11|80|84.2|1144|1386
1040|2|2012|9|10|53|2|97.5|99.3|281|285
1040|2|2013|10|9|54|3|87.2|86.1|1200|1369
1040|2|2013|10|10|53|1|99.6|99.6|270|273
1040|2|2013|4|9|52|29|70|81.4|1199|1421
1040|2|2013|4|10|67|14|96.4|100|139|151
1040|2|2013|5|9|52|24|75.3|82.1|1211|1386
1040|2|2013|5|10|62|8|96.6|100|148|157
1040|2|2013|6|9|51|21|76.2|85|1192|1452
1040|2|2013|6|10|59|6|96|100|202|214
1040|2|2013|7|9|52|20|76.5|81.2|1207|1428
1040|2|2013|7|10|49.5|8|94.2|100|226|226
1040|2|2013|8|9|51|18|77|79.2|1201|1381
1040|2|2013|8|10|54|5|95.5|98.8|309|321
1040|2|2013|9|9|57|9|84.5|84.1|1219|1518
1040|2|2013|9|10|48|2|99.3|100|279|288
2690|1|2011|10|9|38|99|12.7|11.8|911|1102
2690|1|2011|10|10|38|16|72.7|72.3|99|105
2690|1|2011|4|9|40|46|44.8|74.5|1038|1151
2690|1|2011|4|10|63|28|87.6|100|89|98
2690|1|2011|5|9|37|48|37.2|65.5|1041|1143
2690|1|2011|5|10|46.5|22.5|79.1|99.3|134|140
2690|1|2011|6|9|25|62|15.9|40.6|977|1123
2690|1|2011|6|10|26|25|49.6|93.2|113|117
2690|1|2011|7|9|30|73|11.3|29.9|929|1128
2690|1|2011|7|10|27|38|35.5|95.4|107|109
2690|1|2011|8|9|34|89|9.6|21.2|1047|1193
2690|1|2011|8|10|37|42|46.2|87.2|130|133
2690|1|2011|9|9|35|98|7.4|12.4|1006|1398
2690|1|2011|9|10|42|35.5|48.6|70.3|105|120
2690|1|2012|10|9|42|99|10.7|9.9|959|1220
2690|1|2012|10|10|40.5|34.5|55|55|100|100
2690|1|2012|4|9|46|60|38.9|68|1042|1157
2690|1|2012|4|10|73|32.5|85|98.2|107|114
2690|1|2012|5|9|33|63|24.7|55.3|1036|1144
2690|1|2012|5|10|54|31|69.9|99.1|113|114
2690|1|2012|6|9|29|68|16.3|41.9|984|1097
2690|1|2012|6|10|31|31|52.5|97.2|139|141
2690|1|2012|7|9|43|85|15.9|22.5|964|1075
2690|1|2012|7|10|36.5|41.5|49.1|84.7|110|111
2690|1|2012|8|9|37|91|10.6|19.9|966|1089
2690|1|2012|8|10|31|36.5|45.5|85.4|99|104
2690|1|2012|9|9|34|98|7.9|14.4|1029|1544
2690|1|2012|9|10|46|36|56.9|77.4|123|135
2690|1|2013|10|9|44|99|10.6|10.4|1033|1187
2690|1|2013|10|10|41.5|34.5|51.9|51.9|104|104
2690|1|2013|4|9|47|51|50.4|74.4|1132|1234
2690|1|2013|4|10|65|22|91.6|100|95|96
2690|1|2013|5|9|36|58|30.3|50.8|1009|1112
2690|1|2013|5|10|49.5|17|82.3|98.5|130|134
2690|1|2013|6|9|35|68.5|19.8|41.8|964|1061
2690|1|2013|6|10|34|27.5|54.2|93.9|96|99
2690|1|2013|7|9|34|76|10.7|27.8|949|1054
2690|1|2013|7|10|32|33.5|44.9|87.2|156|156
2690|1|2013|8|9|39|89|15.8|25.7|931|1045
2690|1|2013|8|10|45|39|57.1|89.2|105|111
2690|1|2013|9|9|37|99|6.5|10|968|1323
2690|1|2013|9|10|36|50|41|58.9|100|124
2690|2|2011|10|9|39|17.5|65.4|62.1|905|1101
2690|2|2011|10|10|41|1|98|98|99|105
2690|2|2011|4|9|38|42|47.2|63.7|1036|1149
2690|2|2011|4|10|65|18|93.3|100|89|98
2690|2|2011|5|9|38|40|49.4|64.9|1040|1143
2690|2|2011|5|10|50|14|88|99.3|133|140
2690|2|2011|6|9|34.5|39|43.7|59.9|972|1119
2690|2|2011|6|10|46|14|85.1|97.5|114|118
2690|2|2011|7|9|35|42|42.8|48.3|930|1128
2690|2|2011|7|10|36|14|76.6|96.3|107|109
2690|2|2011|8|9|41|44|49.2|47.2|1042|1195
2690|2|2011|8|10|39|10|84|96.3|131|134
2690|2|2011|9|9|42|40|53.7|54|1003|1396
2690|2|2011|9|10|58|4|93.3|95.8|105|120
2690|2|2012|10|9|37|31|56|52.1|963|1217
2690|2|2012|10|10|38|1|97|97|100|100
2690|2|2012|4|9|42|40|49.8|62.9|1048|1151
2690|2|2012|4|10|58.5|19.5|90.7|98.2|108|114
2690|2|2012|5|9|38|38|48.5|65|1031|1138
2690|2|2012|5|10|51.5|11.5|90.5|100|116|117
2690|2|2012|6|9|33|37|45.7|58.1|982|1095
2690|2|2012|6|10|37|10|79.1|97.2|139|141
2690|2|2012|7|9|37|43|43.4|49.3|959|1076
2690|2|2012|7|10|40|13|79.8|95.5|109|113
2690|2|2012|8|9|39|40|47.1|50.2|957|1087
2690|2|2012|8|10|39|8|87.9|97.1|99|104
2690|2|2012|9|9|40|42|46.6|50.8|1032|1546
2690|2|2012|9|10|43|7|91.9|92.4|123|135
2690|2|2013|10|9|47|22|62.7|59.6|1012|1162
2690|2|2013|10|10|41|2|96|95.2|124|125
2690|2|2013|4|9|40|37|54|65.3|1123|1233
2690|2|2013|4|10|60|14|93.7|99|95|96
2690|2|2013|5|9|37|38|48.3|61.6|1018|1111
2690|2|2013|5|10|48|11|87.2|99.2|133|133
2690|2|2013|6|9|39|39|49.5|60|960|1059
2690|2|2013|6|10|50|10|90.7|99|97|99
2690|2|2013|7|9|38|38|49.9|53.4|949|1052
2690|2|2013|7|10|44|10|82.1|96.2|156|157
2690|2|2013|8|9|43|37|54.3|53.4|926|1044
2690|2|2013|8|10|47.5|8|88.5|96.4|104|110
2690|2|2013|9|9|41|36|50.7|49.7|949|1300
2690|2|2013|9|10|42|4|91.3|96.9|103|127
470|1|2011|10|11|48|99|1.1|1.1|369|381
470|1|2011|10|12|40.5|3|87|87.1|368|373
470|1|2011|4|11|47|67|31.4|35.7|411|414
470|1|2011|4|12|54|28|75.7|98.5|399|399
470|1|2011|5|11|49|74.5|25.8|21.1|392|393
470|1|2011|5|12|55|26|78.5|98.5|390|391
470|1|2011|6|11|59|81|25.9|17|370|377
470|1|2011|6|12|61|26|84.2|99.7|367|367
470|1|2011|7|11|61|92|16.6|11|379|383
470|1|2011|7|12|57|29|76.5|99.5|374|374
470|1|2011|8|11|61|98|6.4|4.2|408|412
470|1|2011|8|12|59|25|79.9|98|407|410
470|1|2011|9|11|58.5|99|1.8|1.3|394|406
470|1|2011|9|12|48|6|84.7|95.7|393|394
470|1|2012|10|11|54.5|99|0.5|0.5|400|405
470|1|2012|10|12|49|2|92.6|92.4|393|398
470|1|2012|4|11|49|75|22.9|27.8|410|413
470|1|2012|4|12|48|33|61.3|98.7|395|395
470|1|2012|5|11|56|84|19.4|23.4|422|426
470|1|2012|5|12|53|29.5|71.9|98.3|413|414
470|1|2012|6|11|58.5|92|18.2|17.7|400|402
470|1|2012|6|12|60|30|80.3|98.7|391|392
470|1|2012|7|11|53|95|9.5|4.4|389|390
470|1|2012|7|12|57|27|76.9|97.9|381|382
470|1|2012|8|11|64|99|10.2|8.2|392|392
470|1|2012|8|12|60|12|90.5|97.6|380|381
470|1|2012|9|11|60|99|3.9|1.2|411|423
470|1|2012|9|12|49|10|85.8|97.5|401|404
470|1|2013|10|11|52.5|99|0.5|0.5|410|410
470|1|2013|10|12|43.5|2|90.7|90.7|408|408
470|1|2013|4|11|45|69|24.6|33.6|427|429
470|1|2013|4|12|44|22|71.1|98.1|419|419
470|1|2013|5|11|52|80|21.3|17.7|428|429
470|1|2013|5|12|51|22|81.4|97.8|414|415
470|1|2013|6|11|57|87|20|16.4|431|434
470|1|2013|6|12|55|23|78.3|99.3|423|423
470|1|2013|7|11|62|95|15.7|10.2|407|411
470|1|2013|7|12|54|23|74.9|98.3|403|404
470|1|2013|8|11|57|99|7|6|398|400
470|1|2013|8|12|53|18|79.9|98.2|393|395
470|1|2013|9|11|56|99|4.1|3.3|391|399
470|1|2013|9|12|46.5|4.5|89.4|97.9|378|378
470|2|2011|10|11|47|85|29|29|369|382
470|2|2011|10|12|54|1|99.4|99.5|362|368
470|2|2011|4|11|48.5|65|35|24.2|360|360
470|2|2011|4|12|53|18|86.1|98.3|352|352
470|2|2011|5|11|54|66.5|39.7|29.4|390|391
470|2|2011|5|12|52|15|83.8|97.1|376|378
470|2|2011|6|11|53|64|39.5|29.6|372|379
470|2|2011|6|12|52|13|85.4|99.5|364|365
470|2|2011|7|11|57|64|43.5|22.3|379|383
470|2|2011|7|12|53|10|89.9|99.7|376|376
470|2|2011|8|11|53.5|72|34.5|20.3|412|418
470|2|2011|8|12|54|5|94.3|98.8|402|405
470|2|2011|9|11|49|82|25.4|20.1|390|405
470|2|2011|9|12|46|2|96.4|99.2|386|390
470|2|2012|10|11|53|89|25.6|25.5|402|407
470|2|2012|10|12|52|1|99.5|99.5|389|395
470|2|2012|4|11|51|60|39|28.8|359|361
470|2|2012|4|12|52|19|83.2|98.6|351|351
470|2|2012|5|11|57.5|73|35.3|27.7|422|425
470|2|2012|5|12|55|11|86.2|97.6|414|414
470|2|2012|6|11|55|71|35|22.9|397|399
470|2|2012|6|12|52|10|92.7|99.5|386|387
470|2|2012|7|11|60|66.5|43.1|24.6|390|391
470|2|2012|7|12|61|12|91.5|99.5|377|378
470|2|2012|8|11|60|69.5|40.7|26.3|388|388
470|2|2012|8|12|54|6|93.1|99.2|378|380
470|2|2012|9|11|57|82|28.3|23.3|407|418
470|2|2012|9|12|54|2|97.5|99.8|405|407
470|2|2013|10|11|45|87.5|28.9|28.9|408|408
470|2|2013|10|12|46|1|99.7|99.7|398|398
470|2|2013|4|11|52|63|37|28.9|378|381
470|2|2013|4|12|58|15|85.9|97.9|375|376
470|2|2013|5|11|53|70|36.6|28.5|423|424
470|2|2013|5|12|56|11|89.2|98.5|409|409
470|2|2013|6|11|59|72|40.8|29|439|441
470|2|2013|6|12|50|8|89.4|99.8|417|417
470|2|2013|7|11|59|68|41.2|26|413|419
470|2|2013|7|12|53|8|92.3|99.3|405|406
470|2|2013|8|11|50.5|67|38.9|26.6|396|398
470|2|2013|8|12|52|5|93.9|99.5|395|397
470|2|2013|9|11|51|79|32.5|26.8|391|399
470|2|2013|9|12|45|2|98.4|100|377|377
1040|1|2011|10|11|62|99|0.5|0.5|378|379
1040|1|2011|10|12|62|2|96.5|96.5|373|373
1040|1|2011|4|11|51|56.5|43.1|53.4|339|340
1040|1|2011|4|12|58|25|83.3|100|330|330
1040|1|2011|5|11|51|62|38.3|48.1|337|337
1040|1|2011|5|12|61|21|87.8|100|327|327
1040|1|2011|6|11|56|71|29.4|32.2|357|359
1040|1|2011|6|12|54|20|85.8|100|345|345
1040|1|2011|7|11|54|83|21|20.7|347|351
1040|1|2011|7|12|54|26|76.5|100|341|342
1040|1|2011|8|11|52|94|10.3|10|359|359
1040|1|2011|8|12|46|18|80.2|99.4|344|346
1040|1|2011|9|11|65|99|5.3|3.4|379|379
1040|1|2011|9|12|57.5|8|91.5|99.2|366|366
1040|1|2012|10|11|58.5|99|1.2|1.2|400|404
1040|1|2012|10|12|55|1|97.9|97.9|390|392
1040|1|2012|4|11|56|68|35|55.3|340|340
1040|1|2012|4|12|49|28|74.7|100|324|324
1040|1|2012|5|11|53.5|75|28.9|42.7|356|357
1040|1|2012|5|12|55|26|79.9|100|338|339
1040|1|2012|6|11|57|80|25.5|29.5|345|347
1040|1|2012|6|12|49|21|80.6|100|340|340
1040|1|2012|7|11|55|89|14.2|7.3|367|371
1040|1|2012|7|12|49|21|76.6|99.7|359|360
1040|1|2012|8|11|53|92|11.9|10.3|377|378
1040|1|2012|8|12|42.5|10|87.2|99.7|366|367
1040|1|2012|9|11|61|99|6.3|4.4|365|366
1040|1|2012|9|12|52|6|91.7|99.1|350|351
1040|1|2013|10|11|59|99|1.3|1.3|376|376
1040|1|2013|10|12|52.5|1|98.3|98.3|362|362
1040|1|2013|4|11|56|62|43.5|57.5|345|346
1040|1|2013|4|12|56|21|85.4|100|336|336
1040|1|2013|5|11|62|71|39.8|42.9|347|347
1040|1|2013|5|12|57.5|14|89.1|99.7|338|338
1040|1|2013|6|11|59|75|31.9|33.9|354|354
1040|1|2013|6|12|52|18|83.7|100|349|349
1040|1|2013|7|11|64|82|27.8|24.5|367|367
1040|1|2013|7|12|48|21|81|100|357|357
1040|1|2013|8|11|51|96|9.4|10.2|382|382
1040|1|2013|8|12|47|14|84.3|100|370|371
1040|1|2013|9|11|62|99|6.3|4.4|383|383
1040|1|2013|9|12|47|5|91.9|98.6|370|370
1040|2|2011|10|11|56|39.5|57.5|57.5|386|386
1040|2|2011|10|12|49|1|100|100|367|370
1040|2|2011|4|11|58|53|51.5|52.1|340|341
1040|2|2011|4|12|53|16|84.2|99.4|329|329
1040|2|2011|5|11|61|52|56|55.4|334|337
1040|2|2011|5|12|54|13|91.3|100|323|324
1040|2|2011|6|11|62|53|59.3|56.5|359|360
1040|2|2011|6|12|55|11|91.1|100|347|347
1040|2|2011|7|11|60|49|61.4|56.6|347|351
1040|2|2011|7|12|49|8|91.5|100|342|343
1040|2|2011|8|11|55|48|54|48.3|354|359
1040|2|2011|8|12|50|4|95.4|100|351|352
1040|2|2011|9|11|60|42|60.5|59.2|380|382
1040|2|2011|9|12|53|2|98.9|99.7|366|367
1040|2|2012|10|11|55|39|59.4|59.4|397|404
1040|2|2012|10|12|49|1|100|100|386|388
1040|2|2012|4|11|60|51|55.2|51.6|337|339
1040|2|2012|4|12|54|16|88.7|99.7|319|320
1040|2|2012|5|11|49|48|50.7|56.3|359|360
1040|2|2012|5|12|51|9|89.3|100|338|340
1040|2|2012|6|11|57.5|52|54.4|56.6|340|346
1040|2|2012|6|12|53|9|92.9|100|337|337
1040|2|2012|7|11|57|53|53|46|372|375
1040|2|2012|7|12|47.5|9|91.6|99.7|356|358
1040|2|2012|8|11|50|46|52.5|53.6|377|378
1040|2|2012|8|12|46|4|96.5|99.7|369|370
1040|2|2012|9|11|52.5|47|55.3|55.9|356|362
1040|2|2012|9|12|48|1|98.3|100|355|356
1040|2|2013|10|11|56|28|62.3|62.3|377|377
1040|2|2013|10|12|54|1|100|100|365|365
1040|2|2013|4|11|55|51|51.3|48.3|345|346
1040|2|2013|4|12|48|14|88.3|100|333|333
1040|2|2013|5|11|57|47|53.4|52|350|350
1040|2|2013|5|12|52|8|93.5|100|337|337
1040|2|2013|6|11|56|47|58.4|58.1|356|356
1040|2|2013|6|12|53|6|95.1|100|346|346
1040|2|2013|7|11|56|47|55.9|45.8|367|367
1040|2|2013|7|12|49|7|95.2|100|355|355
1040|2|2013|8|11|58|46|55.6|47.5|387|387
1040|2|2013|8|12|48|4|96.2|100|373|374
1040|2|2013|9|11|61|39|63.7|58.4|380|380
1040|2|2013|9|12|51|1|99.5|99.7|371|371
2690|1|2011|10|11|52|99|0|0|233|260
2690|1|2011|10|12|41|25.5|62.5|59.9|264|284
2690|1|2011|4|11|49|63|36.4|39.2|280|286
2690|1|2011|4|12|34|30|56.6|98.3|288|288
2690|1|2011|5|11|45|68|24.8|28|306|311
2690|1|2011|5|12|34|25|59.2|98|292|293
2690|1|2011|6|11|33|77|10.9|8|276|292
2690|1|2011|6|12|17|29|34.1|89.7|273|274
2690|1|2011|7|11|43.5|93|6.6|2.9|258|280
2690|1|2011|7|12|18|43|22.3|79.8|260|263
2690|1|2011|8|11|40|98|0|0.3|294|308
2690|1|2011|8|12|28.5|50|30.9|74.2|304|311
2690|1|2011|9|11|43|99|0.4|0|281|334
2690|1|2011|9|12|30|54.5|36.4|55.7|275|295
2690|1|2012|10|11|44|99|0.4|0.4|239|276
2690|1|2012|10|12|38.5|45|50.7|49|280|302
2690|1|2012|4|11|50|75|29.8|29.9|299|305
2690|1|2012|4|12|51|33|64|97.6|286|292
2690|1|2012|5|11|36|82|16.2|17.5|302|302
2690|1|2012|5|12|31|36|47.4|95.8|285|286
2690|1|2012|6|11|36|89|6|6.7|281|287
2690|1|2012|6|12|22|35|35.3|91.5|283|284
2690|1|2012|7|11|53|95|8.5|3.3|270|277
2690|1|2012|7|12|33|52|40.7|73.5|270|274
2690|1|2012|8|11|44|99|2.6|1.1|268|280
2690|1|2012|8|12|29|46|34.8|70|267|272
2690|1|2012|9|11|39|99|1.1|0|284|374
2690|1|2012|9|12|30|46|38.5|62.3|291|314
2690|1|2013|10|11|49|99|0|0|267|283
2690|1|2013|10|12|37.5|43|49.3|47.1|296|310
2690|1|2013|4|11|56|65|38.5|45.2|312|314
2690|1|2013|4|12|42|25|66.6|95.5|311|311
2690|1|2013|5|11|40|78|13|7.5|293|295
2690|1|2013|5|12|30|20|60.2|96.1|284|284
2690|1|2013|6|11|38|88|9.6|4.8|271|272
2690|1|2013|6|12|28|36|40.8|89.8|265|265
2690|1|2013|7|11|40|96|5.3|2.4|285|291
2690|1|2013|7|12|25|45|31.9|84.2|276|278
2690|1|2013|8|11|47|99|3.4|2.6|265|265
2690|1|2013|8|12|35|50|41.8|79.3|256|256
2690|1|2013|9|11|50.5|99|1.1|0.3|270|321
2690|1|2013|9|12|32|63|32.2|42.8|261|278
2690|2|2011|10|11|39|93|16.3|16.5|233|264
2690|2|2011|10|12|37|1|98.9|95.7|266|285
2690|2|2011|4|11|47|59|35.9|29.1|281|286
2690|2|2011|4|12|32|20|63.1|93.8|290|290
2690|2|2011|5|11|39|61|32.5|25.6|308|313
2690|2|2011|5|12|40|16|74.5|97.6|294|296
2690|2|2011|6|11|44|62|29.5|22.2|278|296
2690|2|2011|6|12|33|16|67.6|95.6|272|273
2690|2|2011|7|11|42|66|27|9.7|259|279
2690|2|2011|7|12|30|17|66|95.8|259|265
2690|2|2011|8|11|47|71|23.3|9.2|296|310
2690|2|2011|8|12|33|11|79.3|94.4|299|307
2690|2|2011|9|11|48|87|19.7|11.1|279|335
2690|2|2011|9|12|39|5|89.5|93.8|277|296
2690|2|2012|10|11|39|92.5|10.9|10.6|230|266
2690|2|2012|10|12|37|2|94.5|93|291|311
2690|2|2012|4|11|46|57|36.1|27.3|299|300
2690|2|2012|4|12|40|22|71.1|93.5|291|291
2690|2|2012|5|11|43|65|29.9|25.8|298|299
2690|2|2012|5|12|35.5|15|73.6|96.5|288|288
2690|2|2012|6|11|42|67|34|21.9|285|290
2690|2|2012|6|12|28|12|69.3|95|280|280
2690|2|2012|7|11|41|68|23.4|12|269|280
2690|2|2012|7|12|33|16|71.9|90|267|272
2690|2|2012|8|11|50|78|25.3|11.1|273|285
2690|2|2012|8|12|33.5|11|77.7|90.3|264|274
2690|2|2012|9|11|43|86|13.8|10.4|282|376
2690|2|2012|9|12|39.5|7|87.4|95.2|294|317
2690|2|2013|10|11|56.5|95|17.8|16.9|258|272
2690|2|2013|10|12|42|2|97.6|94.8|294|307
2690|2|2013|4|11|47|58|39.5|29.5|311|312
2690|2|2013|4|12|35.5|17.5|71.9|95.8|306|306
2690|2|2013|5|11|39|66|25.3|21.1|297|298
2690|2|2013|5|12|37|13|77.9|96.9|290|290
2690|2|2013|6|11|40|70|24.5|16.7|269|269
2690|2|2013|6|12|41|13|79.8|96.2|262|262
2690|2|2013|7|11|42|66|30.5|16.3|282|288
2690|2|2013|7|12|33|12|77.5|96.8|276|277
2690|2|2013|8|11|51|76.5|27.7|17.4|264|265
2690|2|2013|8|12|37|9|84.1|96.8|252|252
2690|2|2013|9|11|46|89|17.3|12.6|266|325
2690|2|2013|9|12|39|4|87.7|92.7|261|275
