DISTRICT_NUMBER|SCHOOL_NUMBER|EMH_LEVEL|CONTENT_AREA|YEAR|GRADE|MEDIAN_SGP|MEDIAN_SGP_TARGET|PERCENT_AT_ABOVE_TARGET|PERCENT_AT_ABOVE_PROFICIENT|MEDIAN_SGP_COUNT|PERCENT_AT_ABOVE_PROFICIENT_COUNT
470|1010|M|1|2010|6|46|62|39.7|57.4|151|163
470|1010|M|1|2010|7|49|69|36.8|45.9|155|174
470|1010|M|1|2010|8|65|88|29.9|39.9|177|188
470|1010|M|2|2010|8|55.5|29|66.5|61.5|176|187
470|1010|M|2|2010|6|42|44|50.3|56.4|151|164
470|1010|M|2|2010|7|46.5|35.5|57.7|54.9|156|174
470|1010|M|1|2011|7|52|81.5|32.4|37.1|142|159
470|1010|M|1|2011|6|59|69|35.9|50.3|142|159
470|1010|M|2|2011|6|51|50.5|51.4|54.4|142|160
470|1010|M|1|2011|8|60.5|84|36.9|42.7|160|172
470|1010|M|2|2011|8|54.5|36.5|65|57.3|160|172
470|1010|M|2|2011|7|53|43|61|52.6|141|157
470|1010|M|1|2012|7|38|76|20.6|40.7|155|167
470|1010|M|1|2012|8|48|74|26.2|45.3|141|159
470|1010|M|1|2012|6|47|67|29.8|46.1|151|165
470|1010|M|2|2012|6|46|49.5|54.4|53.2|158|173
470|1010|M|2|2012|7|43|42|47.8|51.5|157|169
470|1010|M|2|2012|8|50|34|61.3|56.5|142|161
1040|1053|E|1|2010|4|69|35|79.1|96.2|67|78
1040|1053|E|1|2010|5|47|34|55.6|88.2|81|85
1040|1053|E|2|2010|4|62|32|80.6|89.9|67|79
1040|1053|E|2|2010|5|43|24|61.7|81.4|81|86
1040|1053|E|2|2011|4|63|29|85.5|92.4|69|79
1040|1053|E|2|2011|5|36|24.5|59.2|90.4|71|84
1040|1053|E|1|2011|4|70.5|50.5|72.9|88.8|70|80
1040|1053|E|1|2011|5|44.5|39|58.3|91.7|72|84
1040|1053|E|1|2012|4|63|34|74.6|91.4|59|70
1040|1053|E|1|2012|5|44|29|69|81.5|71|81
1040|1053|E|2|2012|4|65|28|82.8|88.4|58|69
1040|1053|E|2|2012|5|49|16|81.7|90.1|71|81
2690|1077|E|1|2010|4|34.5|37|50|92.6|48|54
2690|1077|E|1|2010|5|32.5|35.5|40.3|76.3|72|76
2690|1077|E|2|2010|4|39|33|66|75.9|50|54
2690|1077|E|2|2010|5|39.5|28|65.3|76.3|72|76
2690|1077|E|2|2011|4|31.5|30|51.7|87.1|60|70
2690|1077|E|2|2011|5|41.5|30|68.5|83.3|54|60
2690|1077|E|1|2011|4|54|51|49.2|88.6|61|70
2690|1077|E|1|2011|5|38.5|59|40.7|74.6|54|59
2690|1077|E|1|2012|4|69|40|86.3|90.9|73|77
2690|1077|E|1|2012|5|36|39|37.3|63.4|67|71
2690|1077|E|2|2012|4|35.5|24|59.7|77.9|72|77
2690|1077|E|2|2012|5|28|27|52.9|80.6|68|72
470|1171|H|1|2010|10|41.5|94|22.6|23.2|124|156
470|1171|H|1|2010|9|55|83|28|36.6|93|124
470|1171|H|2|2010|10|41.5|9|73.4|72.7|124|155
470|1171|H|2|2010|9|45|19|69.9|71|93|125
470|1171|H|2|2011|10|51|10|76|73.9|121|138
470|1171|H|2|2011|9|61|20.5|77.4|81.2|124|155
470|1171|H|1|2011|10|49.5|92|28.3|25.5|120|137
470|1171|H|1|2011|9|64|77|37.9|49.4|124|155
470|1171|H|1|2012|10|35.5|90|31.2|30.1|144|163
470|1171|H|1|2012|9|51.5|66|45.4|50.6|130|162
470|1171|H|2|2012|10|38|4|80|79.1|145|163
470|1171|H|2|2012|9|48|11|77.7|79|130|162
470|1310|M|1|2010|6|57|60|50.3|62.3|193|204
470|1310|M|1|2010|7|59|72|39.2|50|181|194
470|1310|M|1|2010|8|43|76|22.2|38.6|144|155
470|1310|M|2|2010|8|46|28|66.7|65.2|144|155
470|1310|M|2|2010|6|49.5|33|62.9|71.1|194|204
470|1310|M|2|2010|7|56|38|65|64.1|183|195
470|1310|M|1|2011|7|61|73|43.8|49.8|185|201
470|1310|M|1|2011|6|51|63|40.5|64.5|190|203
470|1310|M|2|2011|6|58|32|67.7|71.8|189|202
470|1310|M|1|2011|8|68|79|44.1|50.3|177|183
470|1310|M|2|2011|8|52|33|61.6|62.3|177|183
470|1310|M|2|2011|7|65|29|71.7|70.6|184|201
470|1310|M|1|2012|7|56|66|42.2|57.8|185|204
470|1310|M|1|2012|8|56|69|40.4|56.1|188|196
470|1310|M|1|2012|6|38|61|22.4|47.2|201|216
470|1310|M|2|2012|6|50|42|54.8|58.1|199|215
470|1310|M|2|2012|7|52|24|70.8|67.6|185|204
470|1310|M|2|2012|8|44|19|69.1|70.4|188|196
1040|1389|E|1|2010|4|41|42|45.5|65.6|55|64
1040|1389|E|1|2010|5|48|47|60|79.7|65|79
1040|1389|E|2|2010|4|42|38|53.7|71.9|54|64
1040|1389|E|2|2010|5|49|31|60|79.7|65|79
1040|1389|E|2|2011|4|54|37|79.6|80|49|65
1040|1389|E|2|2011|5|61|33|73.7|77.5|57|72
1040|1389|E|1|2011|4|46|56|40.8|76.9|49|65
1040|1389|E|1|2011|5|75|60|64.9|77.5|57|72
1040|1389|E|1|2012|4|39|39|42.9|78.9|49|57
1040|1389|E|1|2012|5|57|43|63.5|70.8|63|72
1040|1389|E|2|2012|4|48.5|28|56.2|80.7|48|57
1040|1389|E|2|2012|5|34|21|63.5|74.6|63|71
1040|1430|E|1|2010|4|51|41|57.1|80|70|86
1040|1430|E|1|2010|5|48.5|40|57.8|73.3|64|75
1040|1430|E|2|2010|4|53.5|37|64.3|74.1|70|86
1040|1430|E|2|2010|5|56|37.5|61.9|77|63|75
1040|1430|E|2|2011|4|46.5|41.5|46.7|57.3|60|75
1040|1430|E|2|2011|5|51|28|68|79.5|75|83
1040|1430|E|1|2011|4|40.5|53|46.7|77.3|60|75
1040|1430|E|1|2011|5|60|56|58.1|75.6|74|82
1040|1430|E|1|2012|4|52.5|44|66.7|79.3|78|92
1040|1430|E|1|2012|5|67|44|66.7|74|63|73
1040|1430|E|2|2012|4|48|35|57.7|68.5|78|92
1040|1430|E|2|2012|5|63|38|73|67.1|63|73
1040|1492|E|1|2010|4|70|39|76.8|88.8|69|80
1040|1492|E|1|2010|5|63|37|69.8|84.8|63|79
1040|1492|E|2|2010|4|67|27|81.2|91.1|69|79
1040|1492|E|2|2010|5|51|28|69.8|87.3|63|79
1040|1492|E|2|2011|4|75|28.5|82.8|84|64|75
1040|1492|E|2|2011|5|58|19|85.4|96.6|82|87
1040|1492|E|1|2011|4|76.5|54|81.2|89.3|64|75
1040|1492|E|1|2011|5|53|42|65.1|86.2|83|87
1040|1492|E|1|2012|4|65.5|36|75.7|92.9|74|85
1040|1492|E|1|2012|5|40.5|31.5|60|74.1|70|81
1040|1492|E|2|2012|4|63|24|84.9|96.4|73|84
1040|1492|E|2|2012|5|44|16.5|71.4|81.5|70|81
470|1538|E|1|2010|5|79|42|73.8|86.4|107|125
470|1538|E|1|2010|6|78|53|75.2|79.3|117|140
470|1538|M|2|2010|7|65|17.5|88.2|91|144|166
470|1538|M|2|2010|8|64|15|88.6|86.2|140|162
470|1538|E|2|2010|5|61|25|73.8|87|107|123
470|1538|E|2|2010|6|74|34|83.8|90.7|117|140
470|1538|M|1|2010|7|62|38|62.8|79.2|145|168
470|1538|M|1|2010|8|64|51.5|60.4|74.1|139|159
470|1538|E|2|2011|5|59.5|25|77.5|83.3|138|150
470|1538|E|2|2011|6|63|20|89.2|91.7|157|180
470|1538|M|1|2011|7|58|57|50.3|68.7|145|164
470|1538|M|1|2011|8|79|33|76.6|80.7|158|176
470|1538|E|1|2011|6|78|48|76.4|88.3|157|180
470|1538|M|2|2011|7|66|22|79.3|84|145|164
470|1538|M|2|2011|8|67|10|89.9|90.4|159|177
470|1538|E|1|2011|5|60|46|64.5|82.8|138|151
470|1538|M|1|2012|6|67|40|71.6|86.1|197|223
470|1538|M|1|2012|7|47|40|54.6|76.8|163|177
470|1538|M|1|2012|8|57.5|48|56.5|74.1|154|170
470|1538|M|2|2012|6|58|17|83.8|89.2|197|223
470|1538|M|2|2012|7|58|14|87.1|89.3|163|177
470|1538|M|2|2012|8|47.5|11|76.6|81.2|154|170
2690|1540|E|1|2010|4|34|36|50|85.3|62|68
2690|1540|E|1|2010|5|60|36|64.4|80.8|45|52
2690|1540|E|2|2010|4|42|36|60|77.6|60|68
2690|1540|E|2|2010|5|47|27|70.5|80.4|44|52
2690|1540|E|2|2011|4|44|32|48.9|64.6|45|48
2690|1540|E|2|2011|5|54|28|85.5|91.5|55|59
2690|1540|E|1|2011|4|47|58|44.4|73.5|45|49
2690|1540|E|1|2011|5|62|48|67.3|89.8|55|59
2690|1540|E|1|2012|4|32|35|48.9|69.4|45|49
2690|1540|E|1|2012|5|61|48|66.7|72.3|45|47
2690|1540|E|2|2012|4|35|26.5|63.6|77.6|44|49
2690|1540|E|2|2012|5|34|30|53.3|68.1|45|47
470|1702|E|1|2010|4|48|29|66.7|91.8|75|85
470|1702|E|1|2010|5|57.5|36|69.6|84.2|92|101
470|1702|E|2|2010|4|54|23|72.6|89.4|73|85
470|1702|E|2|2010|5|54.5|22|80.4|90.1|92|101
470|1702|E|2|2011|4|71|25.5|90|88|70|83
470|1702|E|2|2011|5|67|20|80.3|90.8|76|87
470|1702|E|1|2011|4|59|48.5|61.1|84.3|72|83
470|1702|E|1|2011|5|46|40.5|48.7|88.5|76|87
470|1702|E|1|2012|4|52|32|67.6|82.5|68|80
470|1702|E|1|2012|5|73|33|86.7|89.4|75|85
470|1702|E|2|2012|4|73|23|88.4|88.6|69|79
470|1702|E|2|2012|5|58|16|84|89.4|75|85
1040|1718|E|1|2010|4|79|37|81.7|87.5|71|80
1040|1718|E|1|2010|5|51|37|60.9|79.8|87|114
1040|1718|E|2|2010|4|59|33.5|69.4|84|72|81
1040|1718|E|2|2010|5|75|32|80.5|85.1|87|114
1040|1718|E|2|2011|4|60|28|72.6|87.8|73|82
1040|1718|E|2|2011|5|58|22.5|75|84|80|94
1040|1718|E|1|2011|4|60.5|42|68.9|89|74|82
1040|1718|E|1|2011|5|59|40|68.8|85.1|80|94
1040|1718|E|1|2012|4|73|35|82.5|94|63|84
1040|1718|E|1|2012|5|50|26|68.3|84.8|82|92
1040|1718|E|2|2012|4|57|24|81|84.3|63|83
1040|1718|E|2|2012|5|47.5|21.5|78|82.6|82|92
470|1851|E|1|2010|4|37|40|50.8|73.1|61|67
470|1851|E|1|2010|5|58.5|48.5|58.3|71.2|48|52
470|1851|E|2|2010|4|42|39|47.4|62.1|57|66
470|1851|E|2|2010|5|45|44|59.2|67.9|49|53
470|1851|E|2|2011|4|38|42|40.6|51.3|32|39
470|1851|E|2|2011|5|52|37|59.6|59.1|57|66
470|1851|E|1|2011|4|38.5|57.5|32.4|66.7|34|39
470|1851|E|1|2011|5|47|58.5|32.8|57.6|58|66
470|1851|E|1|2012|4|22.5|44|22.5|67.4|40|43
470|1851|E|1|2012|5|57|64|41|55.8|39|43
470|1851|E|2|2012|4|28|42|40|47.6|35|42
470|1851|E|2|2012|5|52|43.5|50|58.1|38|43
1040|2201|E|1|2010|4|64|32|81|93|79|86
1040|2201|E|1|2010|5|63.5|28.5|82.6|91.6|92|95
1040|2201|E|2|2010|4|62|20|74.7|93|79|86
1040|2201|E|2|2010|5|65.5|19.5|88|95.8|92|95
1040|2201|E|2|2011|4|51|28|76.7|91|86|100
1040|2201|E|2|2011|5|53|13|87.7|96.4|81|84
1040|2201|E|1|2011|4|54|41|63.2|94|87|100
1040|2201|E|1|2011|5|71|33|79|95.2|81|84
1040|2201|E|1|2012|4|54.5|35.5|70.9|92.3|86|91
1040|2201|E|1|2012|5|71|29|85.9|95.1|99|103
1040|2201|E|2|2012|4|52.5|26.5|73.3|85.7|86|91
1040|2201|E|2|2012|5|60|19|84.8|95.1|99|103
2690|2288|E|1|2010|4|20.5|46|18.8|48.7|32|39
2690|2288|E|1|2010|5|32|55|33.3|52.8|33|36
2690|2288|E|2|2010|4|29|38|36.4|53.8|33|39
2690|2288|E|2|2010|5|13|40|21.2|44.4|33|36
2690|2288|E|1|2011|4|36|62|20.5|52.3|39|44
2690|2288|E|1|2011|5|18|67|12.8|31.8|39|45
2690|2288|E|2|2011|4|46|47|46.2|52.3|39|44
2690|2288|E|2|2011|5|14.5|44|22.2|46.5|36|44
470|2335|E|1|2010|4|70.5|39|73.6|88.6|72|79
470|2335|E|1|2010|5|68.5|39|80.9|86.5|68|74
470|2335|E|2|2010|4|61|42.5|70.8|71.8|72|78
470|2335|E|2|2010|5|61.5|29.5|77.9|85.1|68|74
470|2335|E|2|2011|4|53.5|36|58.1|74.1|74|81
470|2335|E|2|2011|5|68.5|34.5|71.4|81.6|70|76
470|2335|E|1|2011|4|41|51|41.3|80.2|75|81
470|2335|E|1|2011|5|49.5|52|51.4|77.6|70|76
470|2335|E|1|2012|4|69|34|69|84.1|58|63
470|2335|E|1|2012|5|33.5|39|43.2|67.1|74|79
470|2335|E|2|2012|4|46|30|62.7|70.3|59|64
470|2335|E|2|2012|5|49|30.5|66.2|73.4|74|79
470|2339|E|1|2010|4|68.5|39.5|78.3|82.7|46|52
470|2339|E|1|2010|5|53|46|58.2|74.2|55|62
470|2339|E|2|2010|4|35|34|53.2|71.2|47|52
470|2339|E|2|2010|5|62|38|72.7|79.4|55|63
470|2339|E|2|2011|4|43|40|53.5|63.2|71|76
470|2339|E|2|2011|5|55|27|76.5|78.9|51|57
470|2339|E|1|2011|4|51|57|45.1|71.1|71|76
470|2339|E|1|2011|5|27|50|37.3|70.2|51|57
470|2339|E|1|2012|4|46|38|55.1|83.6|69|73
470|2339|E|1|2012|5|31|50|40.6|59.7|69|72
470|2339|E|2|2012|4|62|29|75.4|78.1|69|73
470|2339|E|2|2012|5|46|38|58|65.3|69|72
1040|2369|E|1|2010|4|26|39|29.9|75.5|87|102
1040|2369|E|1|2010|5|49|41|55.1|81|69|84
1040|2369|E|2|2010|4|40|32|60.9|74.5|87|102
1040|2369|E|2|2010|5|55|30|66.7|84.3|69|83
1040|2369|E|2|2011|4|61|31.5|75.4|79.7|65|80
1040|2369|E|2|2011|5|53|30|70.3|84.3|91|104
1040|2369|E|1|2011|4|34.5|50|39.4|73.8|66|80
1040|2369|E|1|2011|5|45|57.5|46.2|76.7|93|104
1040|2369|E|1|2012|4|49|39|58|81.8|69|88
1040|2369|E|1|2012|5|41|38.5|45.7|71.2|70|80
1040|2369|E|2|2012|4|52|25|68.7|79.8|67|89
1040|2369|E|2|2012|5|45|23|66.7|78.2|69|78
470|2496|E|1|2010|4|45|42|44.9|86|49|50
470|2496|E|1|2010|5|70|45|73.5|81.6|49|49
470|2496|E|2|2010|4|47|32|65.3|84|49|50
470|2496|E|2|2010|5|64.5|30.5|84|86|50|50
470|2496|M|2|2010|6|55|34|76.6|90|47|50
470|2496|M|2|2010|7|67|22|85.1|83.7|47|49
470|2496|M|2|2010|8|75|13|85.1|86|47|50
470|2496|M|1|2010|6|82|63|80.9|82|47|50
470|2496|M|1|2010|7|65|62|63.8|81.6|47|49
470|2496|M|1|2010|8|84|52|74.5|82|47|50
470|2496|E|1|2011|5|85|56.5|85.4|94.2|48|52
470|2496|M|2|2011|6|49.5|21|78|85.2|50|54
470|2496|M|1|2011|8|81|51|68.1|75|47|52
470|2496|E|2|2011|4|46|33|67.3|69.2|49|52
470|2496|E|1|2011|4|56|59|57.1|75|49|52
470|2496|M|1|2011|6|58.5|50.5|60|74.1|50|54
470|2496|M|1|2011|7|52|71.5|44|56.6|50|53
470|2496|M|2|2011|7|64.5|27|80|84.9|50|53
470|2496|E|2|2011|5|71.5|24.5|85.4|94.2|48|52
470|2496|M|2|2011|8|71|14|89.4|84.6|47|52
470|2496|M|1|2012|7|80|43|75.6|86|45|50
470|2496|M|1|2012|8|83|60|71.4|76.9|49|52
470|2496|E|1|2012|5|74|48|80.4|76.9|51|52
470|2496|E|2|2012|4|62|30.5|74.2|80|66|75
470|2496|E|2|2012|5|74|23|86.3|88.5|51|52
470|2496|E|1|2012|4|59.5|47|60.3|89.3|68|75
470|2496|M|1|2012|6|55|43|63.3|78.8|49|52
470|2496|M|2|2012|6|72|17|93.9|94.2|49|52
470|2496|M|2|2012|7|77|16|95.5|95.9|44|49
470|2496|M|2|2012|8|53|14|89.8|92.3|49|52
1040|2607|H|1|2010|10|56.5|70|44|43.3|368|398
1040|2607|H|1|2010|9|64|65|47.4|54.6|293|336
1040|2607|H|2|2010|10|49|2|88.7|89.1|364|397
1040|2607|H|2|2010|9|64|7|88.7|90.7|291|335
1040|2607|H|2|2011|10|58|3|93.7|91.9|300|345
1040|2607|H|2|2011|9|56|8|88.2|90.1|271|315
1040|2607|H|1|2011|10|68|61|55.1|52.6|301|346
1040|2607|H|1|2011|9|66.5|54|59.6|65.4|272|315
1040|2607|H|1|2012|10|56|41|54.5|53.4|290|328
1040|2607|H|1|2012|9|56|57|47|55.4|249|303
1040|2607|H|2|2012|10|51|2|89.5|88.6|287|325
1040|2607|H|2|2012|9|54|4|88.8|89.4|249|303
2690|2683|E|1|2010|4|34|40|38.8|72.9|67|70
2690|2683|E|1|2010|5|24|42|31|63.9|58|61
2690|2683|E|2|2010|4|37|41|53.7|68.1|67|69
2690|2683|E|2|2010|5|39|35|50|63.9|58|61
2690|2683|E|2|2011|4|57|37|60.9|73.8|64|65
2690|2683|E|2|2011|5|43|35|55.6|64.4|54|59
2690|2683|E|1|2011|4|33.5|55|40.6|73.8|64|65
2690|2683|E|1|2011|5|17|57|7.4|52.5|54|59
2690|2683|E|1|2012|4|59|48|66.7|94.9|36|39
2690|2683|E|1|2012|5|25|48|32.2|59.3|59|59
2690|2683|E|2|2012|4|51.5|31.5|61.1|69.2|36|39
2690|2683|E|2|2012|5|28|31|52.5|72.9|59|59
1040|2905|E|1|2010|4|57|38|72.7|89.1|55|64
1040|2905|E|1|2010|5|41.5|39|51.2|76.5|80|85
1040|2905|E|2|2010|4|66|29|78.2|87.5|55|64
1040|2905|E|2|2010|5|45|24|67.5|90.7|80|86
1040|2905|E|2|2011|4|64|27|75.9|87.5|58|64
1040|2905|E|2|2011|5|41|19.5|71.9|87.5|64|72
1040|2905|E|1|2011|4|66.5|50|70.7|85.9|58|64
1040|2905|E|1|2011|5|67.5|47.5|70.3|86.1|64|72
1040|2905|E|1|2012|4|49|33|62.3|89.8|53|59
1040|2905|E|1|2012|5|59|37|62.5|80.6|64|67
1040|2905|E|2|2012|4|54|23|77.4|86.4|53|59
1040|2905|E|2|2012|5|49|17|75|80.6|64|67
470|2912|E|1|2010|4|43.5|51|36.8|66.3|76|92
470|2912|E|1|2010|5|21|59|19.4|41.8|67|79
470|2912|E|2|2010|4|48.5|49|56.7|50.5|60|91
470|2912|E|2|2010|5|31|45|35.4|50.6|65|79
470|2912|E|2|2011|4|48|44|58.5|54.4|53|79
470|2912|E|2|2011|5|40|46|51.2|55.6|84|90
470|2912|E|1|2011|4|49|63|37.5|66.7|72|78
470|2912|E|1|2011|5|29|69|14.5|48.9|83|88
470|2912|E|1|2012|4|32|58|27.4|56.5|62|69
470|2912|E|1|2012|5|30.5|63.5|20.8|44.9|72|78
470|2912|E|2|2012|4|57|44|61.7|57.1|47|70
470|2912|E|2|2012|5|38|44|44.4|46.2|72|78
470|2956|M|1|2010|6|64|66|53.8|57|210|250
470|2956|M|1|2010|7|63|71|41.3|54|223|249
470|2956|M|1|2010|8|60|83|35.4|43|223|263
470|2956|M|2|2010|8|41|28|58.3|59.7|223|263
470|2956|M|2|2010|6|45|39|60.2|62.9|211|252
470|2956|M|2|2010|7|56|39|66.4|60.9|223|248
470|2956|M|1|2011|7|52|76|31.8|41.2|233|262
470|2956|M|1|2011|6|56|72|39.2|52.5|217|240
470|2956|M|2|2011|6|49.5|40.5|58.3|61.2|218|240
470|2956|M|1|2011|8|62|74|40.7|47.7|216|241
470|2956|M|2|2011|8|59|32.5|67.1|62.2|216|241
470|2956|M|2|2011|7|66|39|71.2|71|233|262
470|2956|M|1|2012|7|45|74|27.1|44|199|218
470|2956|M|1|2012|8|44|78|23|42.2|222|256
470|2956|M|1|2012|6|57|66|46.1|60.3|245|272
470|2956|M|2|2012|6|50|35|61.7|69.1|243|269
470|2956|M|2|2012|7|48|35.5|56.5|56.9|216|239
470|2956|M|2|2012|8|44|24|61.9|62.7|223|255
1040|3031|E|1|2010|4|49|37|61.5|88.9|218|235
1040|3031|E|1|2010|5|44|39|53.2|86.3|216|226
1040|3031|E|1|2010|6|68|49|74.6|84.2|209|215
1040|3031|E|2|2010|6|74|28|88.5|92.1|209|215
1040|3031|E|2|2010|4|52|34|70.2|83.3|218|235
1040|3031|E|2|2010|5|58.5|31|75|85|216|226
1040|3031|E|1|2011|5|50|51.5|43.8|81.4|217|222
1040|3031|E|1|2011|4|46|48|50.2|89.2|221|232
1040|3031|E|2|2011|4|54|29|74.2|90.5|221|232
1040|3031|E|1|2011|6|61|54|59.5|82|205|206
1040|3031|E|2|2011|6|68|21|87.3|93.2|205|206
1040|3031|E|2|2011|5|56.5|25|75.7|88.6|214|222
1040|3031|E|1|2012|5|54|34|66.7|82.5|219|223
1040|3031|E|1|2012|6|62|50|61.4|82.8|202|209
1040|3031|E|1|2012|4|52.5|36|62.2|92.1|230|239
1040|3031|E|2|2012|4|53|27|75.2|84.9|230|239
1040|3031|E|2|2012|5|59|21.5|83.6|89.3|220|224
1040|3031|E|2|2012|6|60|18|84.6|91.4|201|209
1040|3115|E|1|2011|4|43|51.5|48|80|25|41
1040|3115|E|1|2011|5|57.5|60|50|75.9|22|29
1040|3115|E|2|2011|4|67|36|76|79.5|25|40
1040|3115|E|2|2011|5|45|21.5|68.2|89.7|22|29
1040|3115|E|1|2012|4|54|46|65.5|84.6|29|39
1040|3115|E|1|2012|5|67|38.5|75|83.9|40|56
1040|3115|E|2|2012|4|55|27|79.3|87.2|29|39
1040|3115|E|2|2012|5|67.5|22.5|90|85.7|40|56
2690|3232|E|1|2010|4|64.5|42|64.7|80.6|34|36
2690|3232|E|1|2010|5|36|37.5|46.9|87.9|32|33
2690|3232|E|2|2010|4|68|39|70.6|76.3|34|38
2690|3232|E|2|2010|5|43.5|33|63.3|83.9|30|31
2690|3232|E|2|2011|4|34|40|48.6|55.3|35|38
2690|3232|E|2|2011|5|16.5|34.5|40.6|56.2|32|32
2690|3232|E|1|2011|4|64|57|62.9|71.1|35|38
2690|3232|E|1|2011|5|16|58.5|18.8|53.1|32|32
2690|3232|E|1|2012|4|80|51.5|72.2|86.5|36|37
2690|3232|E|1|2012|5|13|48|22.6|34.4|31|32
2690|3232|E|2|2012|4|66.5|49.5|80.6|78.4|36|37
2690|3232|E|2|2012|5|21|39|28.1|40.6|32|32
1040|3312|E|1|2010|4|50|40|62.3|84.2|106|120
1040|3312|E|1|2010|5|71|44|69.4|83.3|72|84
1040|3312|E|2|2010|4|66|27.5|80.2|89.1|106|119
1040|3312|E|2|2010|5|63|27|84.1|89.2|69|84
1040|3312|E|2|2011|4|64.5|28|77.1|85.4|96|103
1040|3312|E|2|2011|5|54.5|24|63|86.5|46|52
1040|3312|E|1|2011|4|60.5|50.5|54.2|86.4|96|103
1040|3312|E|1|2011|5|60|61|60|76.5|45|51
1040|3312|E|1|2012|4|57.5|43|62.8|85.3|94|102
1040|3312|E|1|2012|5|60|56|61.8|74.6|55|63
1040|3312|E|2|2012|4|60|25|84.8|89.1|92|101
1040|3312|E|2|2012|5|49|28|70.9|79.4|55|63
470|3325|H|1|2010|10|52|87|39.5|37.3|299|329
470|3325|H|1|2010|9|55|80|34.5|43.3|290|321
470|3325|H|2|2010|10|56|5|80.1|77.8|301|328
470|3325|H|2|2010|9|54|16|71.4|71.6|287|321
470|3325|H|2|2011|10|55|11|72.5|69.6|291|313
470|3325|H|2|2011|9|52.5|20|65.3|65.1|268|295
470|3325|H|1|2011|10|50|88|38|35.5|292|313
470|3325|H|1|2011|9|53|85.5|29|35.2|269|295
470|3325|H|1|2012|10|52|97|30.4|29.5|257|275
470|3325|H|1|2012|9|51.5|88.5|35|40.6|266|288
470|3325|H|2|2012|10|41|6|72|71.8|257|273
470|3325|H|2|2012|9|45|17|63.5|64.6|266|288
2690|3620|E|1|2010|4|29|37|41.5|89.1|41|55
2690|3620|E|1|2010|5|14|47|14.3|58.2|49|55
2690|3620|E|2|2010|4|30|34|51.2|72.7|41|55
2690|3620|E|2|2010|5|22|41|25|54.7|48|55
2690|3620|M|2|2010|6|26.5|35.5|27.8|56.4|36|39
2690|3620|M|2|2010|7|47|30|64|61.5|25|27
2690|3620|M|2|2010|8|29.5|30|50|69.6|22|23
2690|3620|M|1|2010|6|24|53.5|22.2|45|36|40
2690|3620|M|1|2010|7|41|63|29.2|59.3|24|27
2690|3620|M|1|2010|8|12.5|71.5|13.6|34.8|22|23
2690|3620|E|1|2011|5|54|56|48.9|83.3|47|48
2690|3620|M|2|2011|6|40.5|47|42.1|45|38|40
2690|3620|M|1|2011|8|29|77.5|13.6|31.8|22|22
2690|3620|E|2|2011|4|7|30|16.3|42.3|49|52
2690|3620|E|1|2011|4|36|54|30.6|69.2|49|52
2690|3620|M|1|2011|6|40.5|69.5|22.5|45|40|40
2690|3620|M|1|2011|7|37|78.5|15|20|20|20
2690|3620|M|2|2011|7|45|41|52.4|61.9|21|21
2690|3620|E|2|2011|5|49|36|53.2|62.5|47|48
2690|3620|M|2|2011|8|37|28|61.9|54.5|21|22
2690|3620|M|1|2012|7|59|77|27.8|45|18|20
2690|3620|M|1|2012|8|88|82.5|56.2|58.8|16|17
2690|3620|E|1|2012|5|21|56|12.8|37|39|46
2690|3620|E|2|2012|4|35.5|48|34.8|45.8|46|48
2690|3620|E|2|2012|5|31|44|30.8|39.1|39|46
2690|3620|E|1|2012|4|49|53|48.9|68.8|47|48
2690|3620|M|1|2012|6|73|53|84.2|75|19|20
2690|3620|M|2|2012|6|53|26|68.4|75|19|20
2690|3620|M|2|2012|7|58.5|49.5|72.2|65|18|20
2690|3620|M|2|2012|8|34.5|23|81.2|88.2|16|17
2690|3719|E|1|2010|4|56|54|48.7|63.6|39|44
2690|3719|E|1|2010|5|79|47|81.8|86.5|33|37
2690|3719|E|2|2010|4|50|52|36.8|54.5|38|44
2690|3719|E|2|2010|5|69|33|72.7|86.5|33|37
2690|3719|E|2|2011|4|57|38|70.3|75.6|37|41
2690|3719|E|2|2011|5|58|47|60|71.7|40|46
2690|3719|E|1|2011|4|53|55|45.9|75.6|37|41
2690|3719|E|1|2011|5|58.5|70.5|35|60.9|40|46
2690|3719|E|1|2012|4|42|56|39|70.2|41|47
2690|3719|E|1|2012|5|37|56|38.3|50|47|50
2690|3719|E|2|2012|4|27.5|38|45|63.8|40|47
2690|3719|E|2|2012|5|38.5|36|45.8|66.7|48|51
2690|3818|H|1|2010|10|34|99|16.4|14.8|214|238
2690|3818|H|1|2010|9|30|98|7|12|287|333
2690|3818|H|2|2010|10|31|15|60.8|56|212|235
2690|3818|H|2|2010|9|40|38|55.3|53.8|284|333
2690|3818|H|2|2011|10|42|26|62.9|58.9|232|269
2690|3818|H|2|2011|9|44|39|53.7|52.9|244|315
2690|3818|H|1|2011|10|32.5|99|7.7|7.7|234|272
2690|3818|H|1|2011|9|40|98|13.5|20.9|245|314
2690|3818|H|1|2012|10|44|99|16.2|15.3|216|242
2690|3818|H|1|2012|9|45|99|7.5|11.5|214|260
2690|3818|H|2|2012|10|47.5|18|65.5|62.2|220|246
2690|3818|H|2|2012|9|39.5|35|47.2|46.6|214|262
2690|3848|H|1|2011|10|74|99|0|0|1|2
2690|3848|H|1|2011|9|94|93|100|0|1|3
2690|3848|H|2|2011|10|48|51|0|0|1|2
2690|3848|H|2|2011|9|57|8|100|66.7|1|3
2690|3848|M|1|2011|7|1|84|0|0|1|1
470|3876|M|1|2010|6|61.5|52.5|58.9|73.4|168|184
470|3876|M|1|2010|7|49|60|44.4|64.8|171|179
470|3876|M|1|2010|8|57.5|64.5|42.3|55.2|220|232
470|3876|M|2|2010|8|62|19|81.8|79.1|220|234
470|3876|M|2|2010|6|55|27|68|80|169|185
470|3876|M|2|2010|7|50|26|73.7|80.4|171|179
470|3876|M|1|2011|7|56|66|40.1|58|177|193
470|3876|M|1|2011|6|65|58|60.6|74|193|208
470|3876|M|2|2011|6|59|25|79.3|82.7|193|208
470|3876|M|1|2011|8|62|59|55.2|63.1|165|177
470|3876|M|2|2011|8|55|16|77|79.5|165|177
470|3876|M|2|2011|7|50|24|69.3|75.4|179|195
470|3876|M|1|2012|7|66|54|59.2|73.8|201|210
470|3876|M|1|2012|8|71.5|56|62.2|71.4|180|189
470|3876|M|1|2012|6|63|54|64|73|164|185
470|3876|M|2|2012|6|57|24|78.8|80.5|165|185
470|3876|M|2|2012|7|65.5|17.5|88|86.2|200|210
470|3876|M|2|2012|8|52.5|17.5|77.2|78.2|180|188
470|3923|E|1|2010|4|69|36|72.7|100|22|23
470|3923|E|1|2010|5|36.5|43.5|50|73.9|20|23
470|3923|E|2|2010|4|78.5|33|86.4|100|22|23
470|3923|E|2|2010|5|62|30.5|75|82.6|20|23
470|3923|M|2|2010|7|35.5|27.5|68.8|76.2|16|21
470|3923|M|1|2010|7|30|67|25|47.6|16|21
470|3923|M|1|2010|6|52|49.5|47.2|69.8|36|43
470|3923|M|2|2010|6|53.5|22|75|93|36|43
470|3923|E|1|2011|4|66.5|44.5|78.6|89.1|42|46
470|3923|E|1|2011|5|33|34|52.4|95.7|21|23
470|3923|E|2|2011|5|47|15|90.5|100|21|23
470|3923|M|2|2011|7|60|24.5|87.5|88.9|24|27
470|3923|M|2|2011|8|64|37|61.5|73.3|13|15
470|3923|E|2|2011|4|67|30|92.9|89.1|42|46
470|3923|M|1|2011|6|35.5|54|28.6|65.7|28|35
470|3923|M|1|2011|7|60.5|73.5|33.3|51.9|24|27
470|3923|M|1|2011|8|53|88|46.2|53.3|13|15
470|3923|M|2|2011|6|53.5|26|78.6|77.1|28|35
470|3923|E|1|2012|5|47|23|67.7|75.5|31|49
470|3923|M|1|2012|8|76|69|47.4|50|19|24
470|3923|E|1|2012|4|59|34|73.3|88.9|60|72
470|3923|M|1|2012|6|27|31|36.8|80.6|19|31
470|3923|M|1|2012|7|68|70|40|53.8|25|26
470|3923|E|2|2012|4|61|21|78.3|83.3|60|72
470|3923|E|2|2012|5|45|14|83.9|85.4|31|48
470|3923|M|2|2012|6|44|13.5|72.2|100|18|30
470|3923|M|2|2012|7|42|19|72|65.4|25|26
470|3923|M|2|2012|8|38|19|78.9|87.5|19|24
2690|3933|E|1|2010|4|30|31|45.8|89.7|59|68
2690|3933|E|1|2010|5|16.5|37.5|23.3|73.2|86|97
2690|3933|E|2|2010|4|40|30|59.3|80.9|59|68
2690|3933|E|2|2010|5|29|32|47.1|71.1|87|97
2690|3933|M|2|2010|6|43|25|62|84.7|79|98
2690|3933|M|2|2010|7|35|27|58.1|72.7|62|77
2690|3933|M|2|2010|8|40|20|74.1|80.2|85|96
2690|3933|M|1|2010|6|19|48|24.1|56.1|79|98
2690|3933|M|1|2010|7|37|61.5|25.8|58.4|62|77
2690|3933|M|1|2010|8|51.5|69|33.3|55.2|84|96
2690|3933|E|1|2011|5|10|52|8.2|50.5|97|99
2690|3933|M|2|2011|6|48|28|66.9|72.7|133|143
2690|3933|M|1|2011|8|46.5|74|33.7|46.4|86|97
2690|3933|E|2|2011|4|35|40|44.6|59.5|112|121
2690|3933|E|1|2011|4|27|56|23.9|62.8|113|121
2690|3933|M|1|2011|6|43|64|30.1|60.8|133|143
2690|3933|M|1|2011|7|74.5|79|48.1|50|108|116
2690|3933|M|2|2011|7|40|26|54.6|71.8|108|117
2690|3933|E|2|2011|5|21|27|38.1|70.7|97|99
2690|3933|M|2|2011|8|50|25|67.1|76|85|97
2690|3933|M|1|2012|7|37.5|72|15.7|38.3|134|141
2690|3933|M|1|2012|8|67.5|71|46|55.7|100|106
2690|3933|E|1|2012|5|19|57|15.3|38.2|118|123
2690|3933|E|2|2012|4|40.5|31.5|56.8|71.3|118|122
2690|3933|E|2|2012|5|41.5|40|55.9|66.7|118|123
2690|3933|E|1|2012|4|41|46.5|49.2|77.9|118|122
2690|3933|M|1|2012|6|42|61.5|31.1|57|122|135
2690|3933|M|2|2012|6|60|29|78.7|83|122|135
2690|3933|M|2|2012|7|53|28|69.1|74.8|136|143
2690|3933|M|2|2012|8|77|19|88|85.8|100|106
2690|3997|E|1|2010|4|23|44|27.9|64.6|43|48
2690|3997|E|1|2010|5|43|52|41.8|60.3|55|58
2690|3997|E|2|2010|4|19|42|27.9|46.8|43|47
2690|3997|E|2|2010|5|37|35|42.9|62.7|56|59
2690|3997|E|2|2011|4|42|37|55.6|72.3|45|47
2690|3997|E|2|2011|5|33|37.5|45.7|63.8|46|47
2690|3997|E|1|2011|4|64|57|48.9|70.2|45|47
2690|3997|E|1|2011|5|36|68.5|28.3|51.1|46|47
2690|3997|E|1|2012|4|46|26|74.6|95.4|63|65
2690|3997|E|1|2012|5|40|57|44.2|60.5|43|43
2690|3997|E|2|2012|4|57|28|79.4|84.6|63|65
2690|3997|E|2|2012|5|21.5|34.5|38.6|61.4|44|44
1040|4241|E|1|2010|4|74|36|79.2|90.9|24|33
1040|4241|E|1|2010|5|73|51|84.2|88.5|19|26
1040|4241|E|2|2010|4|54|30|82.6|81.8|23|33
1040|4241|E|2|2010|5|52.5|24|75|85.2|20|27
1040|4241|E|1|2011|4|55|44|53.3|82.4|15|17
1040|4241|E|1|2011|5|67.5|51.5|60|77.3|20|22
1040|4241|E|2|2011|4|30.5|37|50|75|14|17
1040|4241|E|2|2011|5|49.5|25.5|65|86.4|20|22
1040|4318|E|1|2010|5|5|53|0|0|1|1
470|4318|E|1|2010|5|5|53|0|0|1|1
2690|4318|E|1|2010|5|5|53|0|0|1|1
1040|4318|E|2|2010|5|41|72|0|0|1|1
470|4318|E|2|2010|5|41|72|0|0|1|1
2690|4318|E|2|2010|5|41|72|0|0|1|1
1040|4318|H|1|2010|10|30.5|96|0|0|8|11
470|4318|H|1|2010|10|30.5|96|0|0|8|11
2690|4318|H|1|2010|10|30.5|96|0|0|8|11
1040|4318|H|1|2010|9|48.5|99|0|0|12|17
470|4318|H|1|2010|9|48.5|99|0|0|12|17
2690|4318|H|1|2010|9|48.5|99|0|0|12|17
1040|4318|M|2|2010|7|66|83|0|0|1|7
470|4318|M|2|2010|7|66|83|0|0|1|7
2690|4318|M|2|2010|7|66|83|0|0|1|7
1040|4318|M|2|2010|8|41.5|72|25|25|4|9
470|4318|M|2|2010|8|41.5|72|25|25|4|9
2690|4318|M|2|2010|8|41.5|72|25|25|4|9
1040|4318|H|2|2010|10|29.5|33.5|50|40|8|12
470|4318|H|2|2010|10|29.5|33.5|50|40|8|12
2690|4318|H|2|2010|10|29.5|33.5|50|40|8|12
1040|4318|H|2|2010|9|36|27|54.5|62.5|11|18
470|4318|H|2|2010|9|36|27|54.5|62.5|11|18
2690|4318|H|2|2010|9|36|27|54.5|62.5|11|18
1040|4318|M|1|2010|8|25|99|0|0|4|8
470|4318|M|1|2010|8|25|99|0|0|4|8
2690|4318|M|1|2010|8|25|99|0|0|4|8
1040|4318|M|1|2010|6|25|89.5|0|0|4|5
470|4318|M|1|2010|6|25|89.5|0|0|4|5
2690|4318|M|1|2010|6|25|89.5|0|0|4|5
1040|4318|M|1|2010|7|18|98|0|0|3|6
470|4318|M|1|2010|7|18|98|0|0|3|6
2690|4318|M|1|2010|7|18|98|0|0|3|6
1040|4318|M|2|2010|6|19.5|68|0|20|4|5
470|4318|M|2|2010|6|19.5|68|0|20|4|5
2690|4318|M|2|2010|6|19.5|68|0|20|4|5
2690|4318|H|2|2011|9|40.5|17|75|100|4|6
470|4318|H|2|2011|9|40.5|17|75|100|4|6
1040|4318|H|2|2011|9|40.5|17|75|100|4|6
2690|4318|M|1|2011|6|32|65|0|33.3|2|3
470|4318|M|1|2011|6|32|65|0|33.3|2|3
1040|4318|M|1|2011|6|32|65|0|33.3|2|3
2690|4318|M|1|2011|7|28.5|90|0|12.5|8|8
470|4318|M|1|2011|7|28.5|90|0|12.5|8|8
1040|4318|M|1|2011|7|28.5|90|0|12.5|8|8
2690|4318|M|1|2011|8|11|99|0|0|13|14
470|4318|M|1|2011|8|11|99|0|0|13|14
1040|4318|M|1|2011|8|11|99|0|0|13|14
2690|4318|H|2|2011|10|37.5|7|87.5|87.5|8|10
470|4318|H|2|2011|10|37.5|7|87.5|87.5|8|10
1040|4318|H|2|2011|10|37.5|7|87.5|87.5|8|10
2690|4318|H|1|2011|10|86.5|82.5|50|44.4|8|11
470|4318|H|1|2011|10|86.5|82.5|50|44.4|8|11
1040|4318|H|1|2011|10|86.5|82.5|50|44.4|8|11
2690|4318|H|1|2011|9|47|99|33.3|20|3|5
470|4318|H|1|2011|9|47|99|33.3|20|3|5
1040|4318|H|1|2011|9|47|99|33.3|20|3|5
2690|4318|M|2|2011|6|19|58|33.3|33.3|3|3
470|4318|M|2|2011|6|19|58|33.3|33.3|3|3
1040|4318|M|2|2011|6|19|58|33.3|33.3|3|3
2690|4318|M|2|2011|7|31|60|14.3|0|7|7
470|4318|M|2|2011|7|31|60|14.3|0|7|7
1040|4318|M|2|2011|7|31|60|14.3|0|7|7
2690|4318|M|2|2011|8|16|77|20|25|15|16
470|4318|M|2|2011|8|16|77|20|25|15|16
1040|4318|M|2|2011|8|16|77|20|25|15|16
470|4329|M|1|2010|6|88|60|77.2|73.3|92|101
470|4329|M|1|2010|7|68|51|65.2|76.3|89|97
470|4329|M|1|2010|8|74|67|61.4|69.4|114|122
470|4329|M|2|2010|8|66|15.5|82.6|83.6|115|123
470|4329|M|2|2010|6|53.5|25.5|73.9|82.2|92|101
470|4329|M|2|2010|7|68.5|22.5|88.6|87.5|88|96
470|4329|M|1|2011|7|68|60|64.4|72|104|118
470|4329|M|1|2011|6|78|64|64.5|72.4|93|106
470|4329|M|2|2011|6|58|24.5|77.4|84.6|93|105
470|4329|M|1|2011|8|70|42|68.3|76.6|104|111
470|4329|M|2|2011|8|64|13|82.5|81.8|103|110
470|4329|M|2|2011|7|73.5|24|84.6|85.6|104|118
470|4329|M|1|2012|7|73|58.5|60.2|64.8|98|108
470|4329|M|1|2012|8|67|48|61.5|76|117|121
470|4329|M|1|2012|6|86|54|85.6|84.7|104|118
470|4329|M|2|2012|6|69|23.5|78.8|88.1|104|118
470|4329|M|2|2012|7|77|18|91.8|90.7|98|108
470|4329|M|2|2012|8|70|11|87.2|86|117|121
1040|4374|H|1|2010|10|58.5|99|0|0|16|19
1040|4374|H|1|2010|9|47|99|11.1|11.1|9|9
1040|4374|H|2|2010|10|50|20|68.8|63.2|16|19
1040|4374|H|2|2010|9|5|22|33.3|44.4|9|9
1040|4374|H|2|2011|10|68.5|22|80|80.8|20|26
1040|4374|H|2|2011|9|66|44|57.1|70|7|11
1040|4374|H|1|2011|10|78.5|99|15|19.2|20|26
1040|4374|H|1|2011|9|38|92|28.6|27.3|7|12
1040|4374|H|1|2012|10|56|99|13.3|27.3|15|22
1040|4374|H|1|2012|9|44|99|0|0|5|6
1040|4374|H|2|2012|10|55.5|27|56.2|60.9|16|23
1040|4374|H|2|2012|9|32|42|14.3|25|7|8
2690|4408|E|1|2010|4|81|50|76.2|85.7|21|21
2690|4408|E|1|2010|5|42|50|37.9|58.6|29|29
2690|4408|E|2|2010|4|53|47|47.6|61.9|21|21
2690|4408|E|2|2010|5|54|48|48.3|51.7|29|29
2690|4408|E|2|2011|4|39|47|45.7|60|35|35
2690|4408|E|2|2011|5|40|44.5|44.4|57.9|18|19
2690|4408|E|1|2011|4|85|69|71.4|77.8|35|36
2690|4408|E|1|2011|5|29.5|62|5.6|52.6|18|19
2690|4408|E|1|2012|4|39|51|40.7|66.7|27|30
2690|4408|E|1|2012|5|51|47|31|55.2|29|29
2690|4408|E|2|2012|4|44|35|59.3|53.3|27|30
2690|4408|E|2|2012|5|50|41|57.1|62.1|28|29
2690|4487|H|1|2010|10|38|93|21.9|20.5|288|331
2690|4487|H|1|2010|9|41|94|17.6|25.7|307|377
2690|4487|H|2|2010|10|39|7|74|71.4|288|333
2690|4487|H|2|2010|9|40|24|60.1|64.3|306|375
2690|4487|H|2|2011|10|39|17|68.4|64.5|288|337
2690|4487|H|2|2011|9|40|30|54.5|60.8|343|439
2690|4487|H|1|2011|10|45|98|23.6|21.3|288|337
2690|4487|H|1|2011|9|34|92|12.3|20.2|341|440
2690|4487|H|1|2012|10|50|99|17.2|16.4|326|348
2690|4487|H|1|2012|9|36.5|95|13.2|19|304|378
2690|4487|H|2|2012|10|50|11|74.3|72.8|323|346
2690|4487|H|2|2012|9|39|18|64.7|64.4|303|379
1040|4498|H|1|2010|10|69|72|47.4|46.2|401|448
1040|4498|H|1|2010|9|51|62|40.8|54.7|385|450
1040|4498|H|2|2010|10|57|2|88.7|87.8|399|446
1040|4498|H|2|2010|9|52|6|84.9|84.5|385|451
1040|4498|H|2|2011|10|52.5|3|86.5|86.2|400|445
1040|4498|H|2|2011|9|45|7|81.3|83.5|364|410
1040|4498|H|1|2011|10|54|57.5|48.8|47.4|400|448
1040|4498|H|1|2011|9|57.5|61|48.4|54.3|370|410
1040|4498|H|1|2012|10|55|70|47.6|46.5|353|383
1040|4498|H|1|2012|9|47|70|39.5|46.4|337|420
1040|4498|H|2|2012|10|52|2|86.1|85.1|352|382
1040|4498|H|2|2012|9|43|5|82.1|80.9|335|418
470|4515|H|1|2010|10|44|69|38.9|36.6|175|199
470|4515|H|1|2010|9|47|49|47.7|55.6|239|279
470|4515|H|2|2010|10|53|4|81.2|78.5|176|199
470|4515|H|2|2010|9|45|9|76.2|77.7|239|279
470|4515|H|2|2011|10|45|6|79.7|78.4|251|272
470|4515|H|2|2011|9|56|8|84|85.3|256|291
470|4515|H|1|2011|10|33|50|41.8|40.8|251|271
470|4515|H|1|2011|9|58|62|48.2|58.4|257|292
470|4515|H|1|2012|10|48.5|66.5|43.1|40.6|260|283
470|4515|H|1|2012|9|56|46.5|54|60.1|248|276
470|4515|H|2|2012|10|44.5|2|86.9|85.1|260|282
470|4515|H|2|2012|9|50|5|83.5|83.3|249|276
470|4541|E|1|2010|4|49|47|52.8|67.2|53|58
470|4541|E|1|2010|5|46|65|42.9|52.8|49|53
470|4541|E|2|2010|4|70|35|72.1|63.8|43|58
470|4541|E|2|2010|5|39|46|44.7|50.9|47|53
470|4541|E|2|2011|4|47|27|67.7|58.8|31|51
470|4541|E|2|2011|5|39|32.5|54.7|67.3|53|56
470|4541|E|1|2011|4|52|59|42.6|72.5|47|51
470|4541|E|1|2011|5|22|55.5|20.8|50.9|53|56
470|4541|E|1|2012|4|53|51|48.9|63.6|47|55
470|4541|E|1|2012|5|27|54|27.9|50|43|46
470|4541|E|2|2012|4|53.5|27.5|62.5|51.9|32|54
470|4541|E|2|2012|5|26|25|44.2|60.9|43|46
1040|4615|H|1|2010|10|59|84|43.1|41.7|262|309
1040|4615|H|1|2010|9|60|60|47.7|56.3|329|389
1040|4615|H|2|2010|10|53|3|85.6|85.3|263|309
1040|4615|H|2|2010|9|51|8|83.2|83.9|327|387
1040|4615|H|2|2011|10|44.5|5|84.1|83.4|334|375
1040|4615|H|2|2011|9|44|9|79.3|84|305|358
1040|4615|H|1|2011|10|50|60|45.1|41.5|335|379
1040|4615|H|1|2011|9|50|56|46|56.8|311|359
1040|4615|H|1|2012|10|49|52.5|49.4|46.7|312|353
1040|4615|H|1|2012|9|50|77|36.7|40.9|300|367
1040|4615|H|2|2012|10|52|2|89.2|87.1|306|350
1040|4615|H|2|2012|9|51|10|83.3|82|299|366
470|4845|E|1|2010|4|71|38|80.6|91.5|129|142
470|4845|E|2|2010|4|70|36|79.5|80.9|127|141
470|4845|E|1|2011|4|63|49|60.2|89.6|108|125
470|4845|E|2|2011|4|62|36|75|81.6|108|125
470|4845|E|1|2012|4|51.5|32.5|66.2|90.1|68|81
470|4845|E|1|2012|5|61|38|69.6|72.5|69|80
470|4845|E|2|2012|4|59|24|73.1|76.2|67|80
470|4845|E|2|2012|5|66|24|82.6|78.8|69|80
2690|4894|M|1|2010|6|26|65.5|13|28.9|77|91
2690|4894|M|1|2010|7|34|83|9.4|23.1|117|130
2690|4894|M|1|2010|8|27|94|2.7|10.7|111|123
2690|4894|M|2|2010|8|51|52|47.7|39|109|124
2690|4894|M|2|2010|6|22.5|49.5|30.3|36.7|76|90
2690|4894|M|2|2010|7|40|53|36.2|37.4|116|131
2690|4894|M|1|2011|7|40|89|8|13.3|88|98
2690|4894|M|1|2011|6|26|75|6.8|25.9|74|81
2690|4894|M|2|2011|6|27.5|51|29.7|42|74|81
2690|4894|M|1|2011|8|48|95|13|19.5|115|126
2690|4894|M|2|2011|8|41.5|61|44.7|40.2|114|125
2690|4894|M|2|2011|7|48.5|55|38.9|37.6|90|101
2690|4894|M|1|2012|7|27|79|7.2|12.5|69|80
2690|4894|M|1|2012|8|29|95.5|6.2|12.9|80|93
2690|4894|M|1|2012|6|30|73|10.4|26.2|96|107
2690|4894|M|2|2012|6|32|48|34.7|48.6|95|107
2690|4894|M|2|2012|7|45.5|51|45.7|39.2|70|79
2690|4894|M|2|2012|8|33.5|44|37.5|32.6|80|92
470|5074|H|1|2010|10|51|99|25.6|24.1|309|334
470|5074|H|1|2010|9|51|96|24.5|28.6|343|374
470|5074|H|2|2010|10|54|19|64.2|62.7|310|334
470|5074|H|2|2010|9|46|36.5|55.6|55.2|342|377
470|5074|H|2|2011|10|51|32|56.8|54.9|296|326
470|5074|H|2|2011|9|49|27|61.4|62.4|365|413
470|5074|H|1|2011|10|46|99|25.3|23.8|296|326
470|5074|H|1|2011|9|48|90|29.3|35.4|368|414
470|5074|H|1|2012|10|44|98|27.2|26.7|346|378
470|5074|H|1|2012|9|41|96|24.2|28.4|327|359
470|5074|H|2|2012|10|46|8|69.1|67.7|346|378
470|5074|H|2|2012|9|45|28|59.2|56.3|326|357
1040|5106|H|1|2010|10|50|69|43.1|43.3|334|380
1040|5106|H|1|2010|9|57|66|44.4|55.6|304|383
1040|5106|H|2|2010|10|53|2|87.7|87.7|334|382
1040|5106|H|2|2010|9|54|6|88.6|91.9|299|382
1040|5106|H|2|2011|10|53|3|88.2|86|347|400
1040|5106|H|2|2011|9|43.5|7|80.3|84.9|254|296
1040|5106|H|1|2011|10|47|67.5|46.7|45.6|351|402
1040|5106|H|1|2011|9|49|59|46.9|58.6|254|295
1040|5106|H|1|2012|10|57|48|49.5|49.5|273|297
1040|5106|H|1|2012|9|61|63|48.7|58.3|261|321
1040|5106|H|2|2012|10|58|2|90.4|89.9|271|298
1040|5106|H|2|2012|9|61|4|90.7|89|259|318
2690|5155|H|1|2010|10|23|99|0|0|36|60
2690|5155|H|1|2010|9|27|99|2.6|0|39|94
2690|5155|H|2|2010|10|40.5|77|41.7|47.9|36|60
2690|5155|H|2|2010|9|22|73|17.9|19.8|39|91
2690|5155|H|2|2011|10|43.5|93|15.6|18|32|52
2690|5155|H|2|2011|9|38.5|80.5|0|18.8|18|90
2690|5155|H|1|2011|10|49|99|0|0|33|54
2690|5155|H|1|2011|9|29.5|99|0|2.5|18|92
2690|5155|H|1|2012|10|48|99|0|0|29|52
2690|5155|H|1|2012|9|29.5|99|3.6|1.3|28|76
2690|5155|H|2|2012|10|42|92|23.3|22|30|50
2690|5155|H|2|2012|9|17.5|67|8.3|15.9|24|69
2690|5346|E|1|2010|4|49|38|60.6|87|66|69
2690|5346|E|1|2010|5|15.5|35.5|28.4|75|74|76
2690|5346|E|2|2010|4|63|35|71.2|91.3|66|69
2690|5346|E|2|2010|5|39.5|24|60.8|80.3|74|76
2690|5346|E|2|2011|4|47|29|72.9|89|70|73
2690|5346|E|2|2011|5|22.5|29|52.9|83.3|68|72
2690|5346|E|1|2011|4|71|50|67.1|89|70|73
2690|5346|E|1|2011|5|19|55.5|19.1|62.5|68|72
2690|5346|E|1|2012|4|41|37|57.1|86.4|63|66
2690|5346|E|1|2012|5|20.5|34|33.3|63|72|73
2690|5346|E|2|2012|4|46|22|69.8|86.4|63|66
2690|5346|E|2|2012|5|19|23.5|43.1|65.8|72|73
470|5465|H|1|2010|10|47|25.5|58.5|56.4|53|56
470|5465|H|1|2010|9|69.5|63|57.4|59|54|61
470|5465|H|2|2010|10|51|1|88.7|87.3|53|56
470|5465|H|2|2010|9|62.5|8.5|79.6|78.7|54|61
470|5465|M|2|2010|6|56|24|81.8|92.2|55|64
470|5465|M|2|2010|7|70|26.5|79.2|82.4|48|51
470|5465|M|2|2010|8|57|16|85.5|84.9|69|74
470|5465|M|1|2010|6|65|59|65.5|75|55|64
470|5465|M|1|2010|7|59|52.5|56.2|76.5|48|51
470|5465|M|1|2010|8|80|62|69.6|71.6|69|75
470|5465|H|1|2011|9|54|37|57.7|70.2|71|84
470|5465|M|2|2011|6|72|25|80|77.4|50|53
470|5465|M|1|2011|8|55|40|62|74.5|50|55
470|5465|H|2|2011|10|57.5|5|83.9|82.1|62|67
470|5465|H|1|2011|10|60|64|50|47.8|62|67
470|5465|M|1|2011|6|79|57|74|81.1|50|53
470|5465|M|1|2011|7|56|66.5|53.2|60|62|65
470|5465|M|2|2011|7|44|24|71|84.6|62|65
470|5465|H|2|2011|9|52|7|87.3|85.7|71|84
470|5465|M|2|2011|8|61.5|13.5|84|87.3|50|55
470|5465|M|1|2012|7|54|50.5|53.7|73.3|54|60
470|5465|M|1|2012|8|57|59|54|72.7|63|66
470|5465|H|1|2012|9|75.5|39.5|60.3|66.7|58|60
470|5465|H|2|2012|10|55|2|88.2|88.6|76|79
470|5465|H|2|2012|9|45|4|86.2|88.3|58|60
470|5465|H|1|2012|10|54.5|31|64.5|64.6|76|79
470|5465|M|1|2012|6|59|46|62.7|76.9|59|65
470|5465|M|2|2012|6|39|15|62.7|81.5|59|65
470|5465|M|2|2012|7|40.5|18.5|66.7|75|54|60
470|5465|M|2|2012|8|59|16|79.4|86.4|63|66
470|5477|E|1|2010|4|37|41|41.3|72|63|75
470|5477|E|1|2010|5|65.5|57|61.8|64.6|76|82
470|5477|E|2|2010|4|29|35|47.6|69.3|63|75
470|5477|E|2|2010|5|57|34|74.7|80.5|75|82
470|5477|E|2|2011|4|37.5|33|55.1|75.3|78|87
470|5477|E|2|2011|5|49.5|30|76.3|82.7|76|81
470|5477|E|1|2011|4|38.5|54|34.6|66.3|78|87
470|5477|E|1|2011|5|65|58|55.3|74.1|76|81
470|5477|E|1|2012|4|31.5|49|37.2|64.8|86|91
470|5477|E|1|2012|5|70|56|64|67.1|75|79
470|5477|E|2|2012|4|47.5|39.5|59.3|65.9|86|91
470|5477|E|2|2012|5|59|32|68.9|78.2|74|78
470|5513|E|1|2012|4|31|56|26.9|60.3|52|63
470|5513|E|1|2012|5|50|46|55.4|75|65|80
470|5513|E|2|2012|4|43.5|31.5|52.1|70.3|48|64
470|5513|E|2|2012|5|60.5|29.5|70.3|80.5|64|77
470|5552|E|1|2010|4|42|60.5|32.3|42.4|62|66
470|5552|E|1|2010|5|77|68.5|65.9|53.1|44|49
470|5552|E|2|2010|4|38|57|36.4|24.6|33|65
470|5552|E|2|2010|5|49.5|60.5|34.1|34|44|50
470|5552|E|2|2011|4|43.5|56.5|32.4|22.2|34|54
470|5552|E|2|2011|5|38|66|20.3|29.7|59|64
470|5552|E|1|2011|4|38|71.5|12|28.6|50|56
470|5552|E|1|2011|5|53|78|25.4|38.1|59|63
470|5552|E|1|2012|4|18|61|6.1|29.6|49|54
470|5552|E|1|2012|5|63.5|77|31.8|32.7|44|49
470|5552|E|2|2012|4|33|43|47.6|29.6|21|54
470|5552|E|2|2012|5|53|68|36.4|32|44|50
470|5575|E|1|2010|4|50|40|50|70|34|40
470|5575|E|1|2010|5|41.5|39|60|74.3|30|35
470|5575|E|2|2010|4|60.5|34|79.4|84.6|34|39
470|5575|E|2|2010|5|41.5|30|60|68.6|30|35
470|5575|E|2|2011|4|52.5|36|68.4|83.7|38|43
470|5575|E|2|2011|5|66.5|24|80.6|88.2|36|51
470|5575|E|1|2011|4|31|55.5|28.9|74.4|38|43
470|5575|E|1|2011|5|90|62.5|80.6|86.3|36|51
470|5575|E|1|2012|4|29|52|37|56.7|27|30
470|5575|E|1|2012|5|92|56.5|87.5|90.2|40|41
470|5575|E|2|2012|4|61|42|70.4|73.3|27|30
470|5575|E|2|2012|5|79|33|92.5|95.1|40|41
470|5579|H|1|2010|10|50|29|60.5|59.7|291|311
470|5579|H|1|2010|9|52.5|40.5|56.5|63.7|292|363
470|5579|H|2|2010|10|52|1|89.7|88.8|291|311
470|5579|H|2|2010|9|55|4|82.5|83.2|291|363
470|5579|H|2|2011|10|58|2|87.6|87.3|322|345
470|5579|H|2|2011|9|58|8|81.1|81.5|296|366
470|5579|H|1|2011|10|61|24|62.7|62.4|322|346
470|5579|H|1|2011|9|53|57|49.2|60.3|297|365
470|5579|H|1|2012|10|54|46.5|53.1|51.9|326|341
470|5579|H|1|2012|9|60|29|63.8|69|268|332
470|5579|H|2|2012|10|52|2|84.7|84.3|326|343
470|5579|H|2|2012|9|55|3|87.6|87.9|267|330
1040|5588|E|1|2010|4|65|44|70.1|83.5|97|115
1040|5588|E|1|2010|5|54.5|40.5|61.5|82.4|78|102
1040|5588|E|2|2010|4|59|37|74.7|81.7|95|115
1040|5588|E|2|2010|5|52|24|74.7|84.5|79|103
1040|5588|E|2|2011|4|69.5|32|82.9|88.3|76|95
1040|5588|E|2|2011|5|51|26|72.8|83.3|103|115
1040|5588|E|1|2011|4|49|52|45.6|86.3|79|95
1040|5588|E|1|2011|5|46|53.5|44.2|78.3|104|115
1040|5588|E|1|2012|4|42|53|38|74.2|79|93
1040|5588|E|1|2012|5|43|40|54.3|72.3|81|94
1040|5588|E|2|2012|4|54|36|72.2|74.2|79|93
1040|5588|E|2|2012|5|39|20|69.6|84.2|79|95
470|5638|E|1|2010|4|35|50|39|58.3|41|48
470|5638|E|1|2010|5|56|51|52|79.3|25|29
470|5638|E|2|2010|4|65|41|68.3|77.1|41|48
470|5638|E|2|2010|5|44|33|60|86.2|25|29
470|5638|M|2|2010|6|59|44|59.1|60|22|25
470|5638|M|2|2010|7|57|48|62.5|43.8|16|16
470|5638|M|1|2010|6|65.5|73.5|36.4|36|22|25
470|5638|M|1|2010|7|68|79|31.2|31.2|16|16
470|5638|E|1|2011|4|33|62|30.2|56|43|50
470|5638|E|1|2011|5|60|69.5|35.3|60.5|34|38
470|5638|M|2|2011|6|59|22|72|76.9|25|26
470|5638|M|2|2011|7|61.5|38.5|56.2|55.6|16|18
470|5638|M|1|2011|8|57|90|25|25|12|12
470|5638|E|2|2011|4|30|37|37.2|56|43|50
470|5638|M|1|2011|6|57|59|52|61.5|25|26
470|5638|M|1|2011|7|75|87|33.3|35.3|15|17
470|5638|M|2|2011|8|50.5|37|58.3|58.3|12|12
470|5638|E|2|2011|5|37|33.5|55.9|81.6|34|38
470|5638|E|1|2012|4|45|47|41.4|73.7|29|38
470|5638|M|1|2012|8|59.5|87.5|16.7|30.4|18|23
470|5638|M|1|2012|9|71|99|27.3|33.3|11|12
470|5638|E|1|2012|5|43|69|35.1|46.3|37|41
470|5638|M|1|2012|7|62.5|55.5|50|72.2|18|18
470|5638|E|2|2012|4|42|34|51.7|68.4|29|38
470|5638|E|2|2012|5|59|38|48.6|65.9|37|41
470|5638|M|1|2012|6|79|75|55.6|52.2|18|23
470|5638|M|2|2012|6|74.5|35.5|77.8|87|18|23
470|5638|M|2|2012|7|75|20|88.9|88.9|18|18
470|5638|M|2|2012|8|75|30.5|83.3|69.6|18|23
470|5638|M|2|2012|9|87|8|100|91.7|11|12
2690|5881|E|1|2012|4|38|35|55.8|90.9|52|77
2690|5881|E|1|2012|5|40|30.5|53.3|80|30|40
2690|5881|E|2|2012|4|24.5|25|50|80.3|52|76
2690|5881|E|2|2012|5|46.5|22|60|77.5|30|40
2690|5881|M|1|2012|6|35.5|58|30|61.3|100|111
2690|5881|M|1|2012|7|35.5|65|20.7|56.7|82|97
2690|5881|M|1|2012|8|35|86|17.8|36.7|45|60
2690|5881|M|2|2012|6|50|25|65|74.5|100|110
2690|5881|M|2|2012|7|57|19|79|83.3|81|96
2690|5881|M|2|2012|8|50|37|66.7|70|45|60
470|6352|E|1|2010|4|55|49|54.5|62.4|77|85
470|6352|E|1|2010|5|75|65|63.9|62.7|61|67
470|6352|E|2|2010|4|46|46|50.9|44.7|57|85
470|6352|E|2|2010|5|56|52|47.5|43.3|59|67
470|6352|E|2|2011|4|28|49|22.6|40.7|31|54
470|6352|E|2|2011|5|57|51|58.7|55.7|75|79
470|6352|E|1|2011|4|24|60.5|18.8|48.1|48|53
470|6352|E|1|2011|5|62|68.5|48.7|60.8|76|79
470|6352|E|1|2012|4|36|54|36.7|65.2|60|66
470|6352|E|1|2012|5|67|68|51|52.5|49|59
470|6352|E|2|2012|4|40|48|46.9|46.2|49|65
470|6352|E|2|2012|5|50|49|48|47.5|50|59
470|6362|E|1|2010|4|80|50.5|77.4|81.6|84|98
470|6362|E|1|2010|5|49|41|47.1|68.1|85|94
470|6362|E|2|2010|4|52|42|61|58.2|77|98
470|6362|E|2|2010|5|54|40|63.9|66.7|83|93
470|6362|E|2|2011|4|63|41|68|75.3|75|97
470|6362|E|2|2011|5|58.5|37.5|69|72.2|100|115
470|6362|E|1|2011|4|74|58|69.9|81.8|83|99
470|6362|E|1|2011|5|47|57.5|39|68.7|100|115
470|6362|E|1|2012|4|75|41|84.4|91.7|45|48
470|6362|E|1|2012|5|53|51|54.2|66.7|48|51
470|6362|E|2|2012|4|64|34|74.4|68.8|39|48
470|6362|E|2|2012|5|48|40|62.5|62.7|48|51
470|6418|H|1|2010|10|45.5|99|7.1|11.5|14|27
470|6418|H|1|2010|9|30.5|99|0|0|4|15
470|6418|H|2|2010|10|45|20|61.5|60|13|27
470|6418|H|2|2010|9|58|83|25|60|4|15
470|6418|H|2|2011|10|14|87|28.6|38.9|7|18
470|6418|H|2|2011|9|96|75|100|50|3|13
470|6418|H|1|2011|10|63|99|14.3|5.3|7|19
470|6418|H|1|2011|9|91|99|0|16.7|2|13
470|6418|H|1|2012|10|36|99|0|0|9|12
470|6418|H|1|2012|9|9|81|0|0|1|2
470|6418|H|2|2012|10|33.5|30|50|50|8|12
470|6418|H|2|2012|9|1|13|0|50|1|2
470|6492|E|1|2010|4|39|52|38.6|65.6|57|64
470|6492|E|1|2010|5|53|65|47.1|47.3|51|55
470|6492|E|2|2010|4|29.5|45|33.3|36.1|30|61
470|6492|E|2|2010|5|47|53|52|54.7|50|56
470|6492|E|2|2011|4|50|44|73.9|44.6|23|56
470|6492|E|2|2011|5|61|52.5|51.7|52.3|58|65
470|6492|E|1|2011|4|55.5|61.5|46|74.5|50|55
470|6492|E|1|2011|5|71|70|54.4|71.4|57|65
470|6492|E|1|2012|4|38|51|44.9|60.7|49|56
470|6492|E|1|2012|5|52|63|33.9|58.1|56|62
470|6492|E|2|2012|4|45|45|40|41.1|25|56
470|6492|E|2|2012|5|61|48|60.7|60.3|56|63
2690|6500|E|1|2010|4|41|48.5|44.7|67.4|38|43
2690|6500|E|1|2010|5|43|55.5|31|52|42|50
2690|6500|E|2|2010|4|24|46|36.8|52.3|38|44
2690|6500|E|2|2010|5|26|46|29.3|55.1|41|49
2690|6500|E|2|2011|4|37|48|45.7|47.4|35|39
2690|6500|E|2|2011|5|21.5|47|25|38.5|32|39
2690|6500|E|1|2011|4|27.5|63|22.2|50|36|38
2690|6500|E|1|2011|5|23.5|70|15.6|30.8|32|39
2690|6500|E|1|2012|4|26.5|62.5|23.8|34.1|42|44
2690|6500|E|1|2012|5|31.5|74|15.6|26.3|32|38
2690|6500|E|2|2012|4|22.5|49|30|38.6|40|44
2690|6500|E|2|2012|5|33|49|32.3|37.8|31|37
1040|6524|M|1|2010|7|56.5|48|57.6|84.7|158|189
1040|6524|M|1|2010|8|54|61|43.6|67.1|165|171
1040|6524|M|2|2010|7|57|18|85.4|95.2|158|189
1040|6524|M|2|2010|8|42|17|76.2|82.2|164|171
1040|6524|M|2|2011|7|55|22|82.7|88.4|197|198
1040|6524|M|2|2011|8|52.5|9|90.2|95.6|174|183
1040|6524|M|1|2011|7|63|53|59.4|75.8|197|198
1040|6524|M|1|2011|8|43|34.5|55.7|76.5|174|183
1040|6524|M|1|2012|7|59.5|55|58.9|75.6|190|193
1040|6524|M|1|2012|8|44|45|51.9|78.6|185|192
1040|6524|M|2|2012|7|43|17|76.8|85|190|193
1040|6524|M|2|2012|8|58|12|83.8|89.6|185|192
1040|6533|M|1|2010|6|54|41|59|75.1|295|339
1040|6533|M|1|2010|7|55|53|55.2|73.9|328|379
1040|6533|M|1|2010|8|39|56|36.7|64|376|430
1040|6533|M|2|2010|8|53|13|80.2|81.7|374|429
1040|6533|M|2|2010|6|52.5|24|74.7|84.6|296|339
1040|6533|M|2|2010|7|44|21|78|85.8|328|379
1040|6533|M|1|2011|7|39.5|57|38.5|62.5|304|339
1040|6533|M|1|2011|6|44|47.5|46.1|76.6|334|372
1040|6533|M|2|2011|6|54|19|80.2|84.4|333|372
1040|6533|M|1|2011|8|41|47|37.3|61.9|351|377
1040|6533|M|2|2011|8|51|13|79.7|84|350|376
1040|6533|M|2|2011|7|48|22|72.8|82|302|337
1040|6533|M|1|2012|7|53|56|48.2|73.3|332|371
1040|6533|M|1|2012|8|45|56|40.3|64.7|318|357
1040|6533|M|1|2012|6|36|39|44.3|77.3|325|365
1040|6533|M|2|2012|6|44|16|79.5|86.9|327|367
1040|6533|M|2|2012|7|46|16|76.8|85.4|332|371
1040|6533|M|2|2012|8|61|13|82.7|82.9|318|357
470|6599|E|1|2010|5|60|46|58.6|77.2|99|127
470|6599|E|1|2010|6|70|62.5|62.7|71.4|102|133
470|6599|M|2|2010|7|54.5|32.5|71.7|67.4|106|129
470|6599|M|2|2010|8|50|23|72.9|75.6|107|131
470|6599|E|2|2010|5|54|34|66.7|79.5|99|127
470|6599|E|2|2010|6|64|32.5|73.5|81.2|102|133
470|6599|M|1|2010|7|80.5|69|60.4|61.5|106|130
470|6599|M|1|2010|8|84|72|58.9|63.4|107|131
470|6599|E|2|2011|5|57.5|37|66.4|75.7|116|136
470|6599|E|2|2011|6|63|27|80.2|82.7|111|140
470|6599|M|1|2011|7|66|75|44.8|54.9|125|142
470|6599|M|1|2011|8|74|59|58|61.2|119|134
470|6599|E|1|2011|6|68.5|59|58.9|73.8|112|141
470|6599|M|2|2011|7|56|29|70.4|76.8|125|142
470|6599|M|2|2011|8|82|30|86.6|83.6|119|134
470|6599|E|1|2011|5|74|62.5|55.2|67.9|116|137
470|6599|M|1|2012|6|64|58|52.7|67.1|131|164
470|6599|M|1|2012|7|83|62|68.2|77.2|129|145
470|6599|M|1|2012|8|72|71|50.4|60|133|150
470|6599|M|2|2012|6|71|30|81.4|80|129|160
470|6599|M|2|2012|7|58|21|78.3|82.1|129|145
470|6599|M|2|2012|8|59|20|77.4|73.3|133|150
2690|6669|E|1|2010|4|49|41|47.2|75.7|36|37
2690|6669|E|1|2010|5|40|41|50|82.2|42|45
2690|6669|E|2|2010|4|58.5|32.5|69.4|81.6|36|38
2690|6669|E|2|2010|5|53.5|30.5|76.2|88.9|42|45
2690|6669|E|2|2011|4|51|40|58.5|71.7|41|46
2690|6669|E|2|2011|5|61.5|27|82.4|85.7|34|35
2690|6669|E|1|2011|4|65|61|43.9|78.3|41|46
2690|6669|E|1|2011|5|51|55|44.1|77.8|34|36
2690|6669|E|1|2012|4|62.5|54|58.3|82.1|36|39
2690|6669|E|1|2012|5|51.5|49|55.3|77.5|38|40
2690|6669|E|2|2012|4|46|40|69.4|75|36|40
2690|6669|E|2|2012|5|58|36|81.6|75.6|38|41
1040|6785|M|1|2010|6|48|43|52.3|79.2|172|197
1040|6785|M|1|2010|7|68.5|60|61.1|76|144|167
1040|6785|M|1|2010|8|48.5|57|44.8|66.9|268|320
1040|6785|M|2|2010|8|69.5|16|87.4|89.1|270|321
1040|6785|M|2|2010|6|51|24|77.9|89.9|172|198
1040|6785|M|2|2010|7|66|23|85.4|88.6|144|167
1040|6785|M|1|2011|7|54|62|46.9|63.5|194|232
1040|6785|M|1|2011|6|39|52|38.9|75.4|149|187
1040|6785|M|2|2011|6|48|21|73.3|89.8|150|188
1040|6785|M|1|2011|8|42|50.5|49.4|62.4|158|182
1040|6785|M|2|2011|8|46|10|77.8|83.5|158|183
1040|6785|M|2|2011|7|48|23|76.6|86.5|192|231
1040|6785|M|1|2012|7|65|60|63.3|79.6|169|206
1040|6785|M|1|2012|8|43|54|37.8|64.2|209|243
1040|6785|M|1|2012|6|39.5|45.5|42.4|75.1|158|185
1040|6785|M|2|2012|6|48|20|75.9|91.3|158|184
1040|6785|M|2|2012|7|66|20|87.4|89.7|167|204
1040|6785|M|2|2012|8|45|14|76|81|208|242
2690|6844|E|1|2010|4|61|57|55.8|70.8|43|48
2690|6844|E|1|2010|5|49|57|48.6|63.9|35|36
2690|6844|E|2|2010|4|38|48.5|35.7|47.9|42|48
2690|6844|E|2|2010|5|39|44|47.1|56.8|34|37
2690|6844|E|2|2011|4|58|48|57.5|69.8|40|43
2690|6844|E|2|2011|5|55|48|65.9|66.7|41|45
2690|6844|E|1|2011|4|61.5|65|50|67.4|40|43
2690|6844|E|1|2011|5|43|72|31.7|55.6|41|45
2690|6844|E|1|2012|4|56|60|45.3|65.6|53|61
2690|6844|E|1|2012|5|46|67.5|33.3|42.9|54|63
2690|6844|E|2|2012|4|40|44|45.3|58.7|53|63
2690|6844|E|2|2012|5|38.5|41|40.7|50|54|62
1040|7114|M|1|2010|6|53|46.5|60.4|77.7|240|292
1040|7114|M|1|2010|7|55.5|58.5|50.4|66.9|258|293
1040|7114|M|1|2010|8|54|56|46.2|65.5|286|322
1040|7114|M|2|2010|8|52|15|78.4|82.7|283|322
1040|7114|M|2|2010|6|57.5|21|81.2|86.1|240|295
1040|7114|M|2|2010|7|53|23|71.6|80.2|257|293
1040|7114|M|1|2011|7|59|59|49.8|62.4|249|284
1040|7114|M|1|2011|6|56|52|53.8|74.3|253|319
1040|7114|M|2|2011|6|56|17|78.1|85.2|251|317
1040|7114|M|1|2011|8|54|57|52.1|66|257|288
1040|7114|M|2|2011|8|46|14|73.5|80.9|257|288
1040|7114|M|2|2011|7|46|21|71.5|81.2|249|284
1040|7114|M|1|2012|7|55|58|46.4|68.8|280|330
1040|7114|M|1|2012|8|49|60|47.5|63.3|261|313
1040|7114|M|1|2012|6|49|49|48.5|70.5|235|302
1040|7114|M|2|2012|6|49|17.5|70.5|78.5|234|302
1040|7114|M|2|2012|7|44|17|76.1|80.6|280|330
1040|7114|M|2|2012|8|40|11|82|82.7|261|313
2690|7146|H|1|2010|10|28.5|99|11|10.5|218|256
2690|7146|H|1|2010|9|27|98|6.6|11.4|198|268
2690|7146|H|2|2010|10|45|26|65.3|62.9|213|255
2690|7146|H|2|2010|9|49|41|59.2|55.5|201|267
2690|7146|H|2|2011|10|29|36|48.4|45.6|188|258
2690|7146|H|2|2011|9|36|45|45.4|51.8|229|306
2690|7146|H|1|2011|10|33.5|99|4.9|5.2|184|261
2690|7146|H|1|2011|9|24|99|4.8|10.8|227|308
2690|7146|H|1|2012|10|35|99|4.5|4.4|223|248
2690|7146|H|1|2012|9|23|99|2.7|6.3|224|284
2690|7146|H|2|2012|10|41|26|56.4|52|225|250
2690|7146|H|2|2012|9|42|41|50|47.1|218|278
2690|7268|E|1|2010|4|65.5|45|70|85.9|60|71
2690|7268|E|1|2010|5|64|51|60.9|71.6|64|74
2690|7268|E|2|2010|4|34.5|38|55|70.8|60|72
2690|7268|E|2|2010|5|47|42|60|69.3|65|75
2690|7268|E|2|2011|4|43.5|36|60.9|71.2|46|52
2690|7268|E|2|2011|5|42|35|66.2|82.1|68|78
2690|7268|E|1|2011|4|63|57|61.7|79.6|47|54
2690|7268|E|1|2011|5|58|56|57.4|79.5|68|78
2690|7268|E|1|2012|4|66|47|64.7|79.6|51|54
2690|7268|E|1|2012|5|43|45.5|45.2|75.5|42|49
2690|7268|E|2|2012|4|48|38|62.7|66.7|51|54
2690|7268|E|2|2012|5|39|28|61.9|69.4|42|49
2690|7351|E|1|2010|4|70.5|49|86.7|90.3|30|31
2690|7351|E|1|2010|5|55|49.5|56.7|65.6|30|32
2690|7351|E|2|2010|4|50.5|43|66.7|71|30|31
2690|7351|E|2|2010|5|37|42|51.6|62.5|31|32
2690|7351|E|2|2011|4|28|43|35.3|42.9|34|35
2690|7351|E|2|2011|5|31|41|27.6|48.5|29|33
2690|7351|E|1|2011|4|27|68|11.8|29.4|17|35
2690|7351|E|1|2011|5|9|61|6.9|42.4|29|33
2690|7351|E|1|2012|4|56.5|60|64.7|71.8|34|39
2690|7351|E|1|2012|5|66|75|35|41.2|20|34
2690|7351|E|2|2012|4|54|40|64.7|61.5|34|39
2690|7351|E|2|2012|5|79.5|43.5|82.4|73.5|34|34
470|7365|H|1|2010|10|32|99|15.2|14.3|33|42
470|7365|H|1|2010|9|39|95|8.3|14.3|24|35
470|7365|H|2|2010|10|34|12|65.7|65.1|35|44
470|7365|H|2|2010|9|20.5|22.5|62.5|57.1|24|35
2690|7411|E|1|2010|4|27.5|51|28.6|62.5|28|32
2690|7411|E|1|2010|5|31|51|33.3|54.1|36|37
2690|7411|E|1|2010|6|32|58|20|45.5|10|11
2690|7411|E|2|2010|4|20|42|24.1|40.6|29|32
2690|7411|E|2|2010|5|28|45|35.1|46.2|37|39
2690|7411|E|2|2010|6|48|32.5|90|81.8|10|11
2690|7411|E|2|2011|4|34.5|40|50|58.6|26|29
2690|7411|E|1|2011|4|39|57|25.9|51.7|27|29
2690|7411|E|1|2011|5|16|70|8.8|30.8|34|39
2690|7411|E|2|2011|5|32.5|40|41.2|50|34|38
2690|7411|E|1|2012|4|50|56|58.6|78.1|29|32
2690|7411|E|1|2012|5|57.5|58.5|46.2|57.1|26|28
2690|7411|E|2|2012|4|18|33.5|35.7|62.5|28|32
2690|7411|E|2|2012|5|62|39|63|82.1|27|28
2690|7488|H|1|2010|10|62|87|20.5|16.1|39|62
2690|7488|H|1|2010|9|44|94|27.5|28|69|101
2690|7488|H|2|2010|10|43|4|84.6|75.8|39|62
2690|7488|H|2|2010|9|53.5|23|76.5|77.8|68|100
2690|7488|H|2|2011|10|53|18|73.1|69.5|93|118
2690|7488|H|2|2011|9|48|19.5|71.4|73.5|105|139
2690|7488|H|1|2011|10|55|99|16.1|14.4|93|118
2690|7488|H|1|2011|9|55.5|75|34.9|38|106|139
2690|7488|H|1|2012|10|44|95|25.3|25.5|99|106
2690|7488|H|1|2012|9|56.5|88|28.7|29.6|108|125
2690|7488|H|2|2012|10|49|6|88|86.9|100|107
2690|7488|H|2|2012|9|54.5|16.5|78.7|80.8|108|125
2690|7527|M|1|2010|6|10|61|6.8|24.4|73|92
2690|7527|M|1|2010|7|14|84|2.4|12.8|85|109
2690|7527|M|1|2010|8|27|91|8.5|16.4|118|134
2690|7527|M|2|2010|7|29.5|54|31|33.9|84|109
2690|7527|M|2|2010|8|43.5|47|43.1|38.3|116|134
2690|7527|M|2|2010|6|12|48|16.4|36.7|73|90
2690|7527|M|1|2011|8|34.5|96|3.5|7.1|86|99
2690|7527|M|1|2011|6|7|72|2.5|17.4|80|92
2690|7527|M|1|2011|7|22.5|88|6.4|10.6|78|95
2690|7527|M|2|2011|6|10|43.5|16.2|30.1|80|93
2690|7527|M|2|2011|7|22|55|21.8|22.8|78|93
2690|7527|M|2|2011|8|36|60.5|35.3|36.1|85|99
2690|7543|E|1|2010|4|41|44|51.9|78.6|77|84
2690|7543|E|1|2010|5|66|39|69.6|89.7|79|87
2690|7543|E|2|2010|4|50|41|61.8|74.4|76|82
2690|7543|E|2|2010|5|68|31|82.3|89.7|79|87
2690|7543|M|2|2010|6|41|27|62.8|72.1|43|43
2690|7543|M|2|2010|7|67|33|78.9|73.7|19|19
2690|7543|M|2|2010|8|59|25|68.4|80|19|20
2690|7543|M|1|2010|6|29|48|21.4|69|42|42
2690|7543|M|1|2010|7|30|60|21.1|63.2|19|19
2690|7543|M|1|2010|8|35|50|29.4|83.3|17|20
2690|7543|E|1|2011|5|44|60|29.9|67.1|77|85
2690|7543|M|2|2011|6|65|14|88.4|95.5|43|44
2690|7543|M|1|2011|8|34|60|31.2|68.8|16|16
2690|7543|E|2|2011|4|63.5|35|75.7|75.9|70|79
2690|7543|E|1|2011|4|61|52|55.6|77.1|72|83
2690|7543|M|1|2011|6|62|39|69.8|88.6|43|44
2690|7543|M|1|2011|7|63|75|44|72|25|25
2690|7543|M|2|2011|7|60|21|68|88|25|25
2690|7543|E|2|2011|5|32|37.5|36.8|59.5|76|84
2690|7543|M|2|2011|8|54|19|81.2|93.8|16|16
2690|7543|M|1|2012|7|21|22|53.3|86.7|30|30
2690|7543|M|1|2012|8|74.5|67|38.9|88.9|18|18
2690|7543|E|1|2012|5|66|37|69.3|76.8|75|82
2690|7543|E|2|2012|4|49.5|33|64.9|81.8|74|77
2690|7543|E|2|2012|5|64|25|78.1|77.8|73|81
2690|7543|E|1|2012|4|72|43|82.7|92.2|75|77
2690|7543|M|1|2012|6|52|50.5|54.2|79.2|24|24
2690|7543|M|2|2012|6|50.5|34|75|83.3|24|24
2690|7543|M|2|2012|7|42.5|9.5|73.3|100|30|30
2690|7543|M|2|2012|8|66|10|82.4|83.3|17|18
470|7552|E|1|2010|4|22|34|33.8|83.7|77|86
470|7552|E|1|2010|5|45|40.5|56.9|79.2|72|78
470|7552|E|2|2010|4|39|33|53.2|75.6|77|86
470|7552|E|2|2010|5|60.5|31.5|77.8|83.1|72|78
470|7552|E|2|2011|4|23|32|35.4|65.8|65|76
470|7552|E|2|2011|5|43.5|32|61.2|69.8|80|86
470|7552|E|1|2011|4|29.5|50|29.4|76.3|68|76
470|7552|E|1|2011|5|40|57.5|41.2|65.1|80|86
470|7552|E|1|2012|4|38|38|49.3|78.9|71|76
470|7552|E|1|2012|5|58.5|42|61.3|77.1|62|70
470|7552|E|2|2012|4|54|30|64.8|70.7|71|75
470|7552|E|2|2012|5|47.5|33|69.4|74.3|62|70
1040|7612|E|1|2010|4|61|36|71.4|90.4|35|52
1040|7612|E|1|2010|5|55|36.5|63.2|90.2|38|51
1040|7612|E|2|2010|4|61|30|78.8|92.3|33|52
1040|7612|M|1|2010|6|54|46|62.9|76|205|243
1040|7612|M|1|2010|7|44|53|42.9|73|224|266
1040|7612|M|2|2010|7|53.5|22|80.8|87.3|224|271
1040|7612|E|2|2010|5|54|27|78.4|90|37|51
1040|7612|M|2|2010|6|61|24|84.4|90.8|205|241
1040|7612|E|1|2011|4|50.5|49.5|47.2|85.4|36|48
1040|7612|M|1|2011|6|59|54|59.2|78.1|169|215
1040|7612|M|2|2011|6|57.5|21|77.7|85.6|166|218
1040|7612|M|2|2011|7|40|22|63.5|77.9|211|244
1040|7612|E|2|2011|4|41|29|70.3|89.6|37|48
1040|7612|E|2|2011|5|47.5|23.5|78.3|89.1|46|55
1040|7612|M|1|2011|7|49|59|41.8|56.8|213|243
1040|7612|E|1|2011|5|48|44|43.5|87.3|46|55
1040|7612|M|2|2011|9|49|7|89.3|94.2|75|121
1040|7612|M|1|2011|8|62.5|51.5|56.8|69.8|236|268
1040|7612|M|1|2011|9|48.5|53.5|47.2|60.8|72|120
1040|7612|M|2|2011|8|56|14|83.5|89.9|236|268
1040|7612|E|2|2012|4|46.5|28.5|67.2|84.8|64|79
1040|7612|E|1|2012|5|53|40|77.8|84.9|45|53
1040|7612|E|2|2012|5|48|21|80|90.4|45|52
1040|7612|M|1|2012|6|60|44|71.4|85|213|266
1040|7612|M|1|2012|7|55|57|57.6|75|205|240
1040|7612|M|1|2012|8|49|59|37.1|60|221|250
1040|7612|H|1|2012|9|61.5|65|51.1|58.2|180|213
1040|7612|H|2|2012|10|59|2|95.3|93.7|106|127
1040|7612|H|2|2012|9|71|7|92.7|92|179|212
1040|7612|H|1|2012|10|54.5|67.5|51.9|47.7|106|128
1040|7612|E|1|2012|4|72.5|45|76.6|91.1|64|79
1040|7612|M|2|2012|6|68.5|16|90.1|93.9|212|262
1040|7612|M|2|2012|7|59|16|81.3|82|203|239
1040|7612|M|2|2012|8|57|16|81.4|82|221|250
1040|7676|E|1|2010|4|61.5|42.5|75|84.2|32|38
1040|7676|E|1|2010|5|60.5|42|72.2|81|36|42
1040|7676|E|2|2010|4|56.5|38.5|81.2|81.6|32|38
1040|7676|E|2|2010|5|58|24.5|77.8|88.1|36|42
1040|7676|E|2|2011|4|55.5|32|75|84.1|36|44
1040|7676|E|2|2011|5|33|32|57.1|67.7|21|31
1040|7676|E|1|2011|4|42.5|56|33.3|84.1|36|44
1040|7676|E|1|2011|5|38|64|28.6|64.5|21|31
1040|7676|E|1|2012|4|51|47|58.3|71.7|48|60
1040|7676|E|1|2012|5|63|48|63.4|80.4|41|51
1040|7676|E|2|2012|4|53.5|26.5|76|77|50|61
1040|7676|E|2|2012|5|65|25|82.9|74.5|41|51
2690|7712|E|1|2010|4|66.5|57.5|60|74.4|40|43
2690|7712|E|1|2010|5|55|52|60.6|76.9|33|39
2690|7712|E|2|2010|4|36|44|35.9|58.1|39|43
2690|7712|E|2|2010|5|69|45|84.8|69.2|33|39
2690|7712|E|2|2011|4|75|48|87.8|78.7|41|47
2690|7712|E|2|2011|5|57|39|70.6|73.7|34|38
2690|7712|E|1|2011|4|88|66|76.2|86.7|42|45
2690|7712|E|1|2011|5|72|67|52.9|76.3|34|38
2690|7712|E|1|2012|4|46.5|42.5|50|85.7|40|42
2690|7712|E|1|2012|5|41|45.5|41.7|71.1|36|38
2690|7712|E|2|2012|4|61|30|75.6|90.7|41|43
2690|7712|E|2|2012|5|45.5|23.5|58.3|78.9|36|38
2690|7764|E|1|2010|4|37.5|46.5|36.8|72|68|75
2690|7764|E|1|2010|5|31|50|27|60|63|65
2690|7764|E|2|2010|4|39|42|53.6|61.3|69|75
2690|7764|E|2|2010|5|29|47|34.9|53.8|63|65
2690|7764|E|2|2011|4|48|39|54.9|67.1|71|76
2690|7764|E|2|2011|5|40|37.5|56.1|74|66|73
2690|7764|E|1|2011|4|44.5|59.5|33.3|67.5|72|77
2690|7764|E|1|2011|5|43|65.5|27.3|54.1|66|74
2690|7764|E|1|2012|4|28|52|25.4|56.3|67|71
2690|7764|E|1|2012|5|42|59|32.8|45.7|67|70
2690|7764|E|2|2012|4|39.5|44|50|51.4|66|70
2690|7764|E|2|2012|5|35|39|49.2|69.1|65|68
2690|7847|E|1|2010|4|42|48|44.8|75.3|87|94
2690|7847|E|1|2010|5|52|46|51.2|73.9|82|88
2690|7847|E|2|2010|4|37|41|48.3|66.7|87|94
2690|7847|E|2|2010|5|34|37|50|76.1|82|88
2690|7847|E|2|2011|4|42|39.5|53|65.8|66|73
2690|7847|E|2|2011|5|36|39|49.4|67|85|91
2690|7847|E|1|2011|4|47|59|45.5|68.5|66|73
2690|7847|E|1|2011|5|36|66|35.3|62|85|92
2690|7847|E|1|2012|4|63.5|49.5|60.3|83.1|78|83
2690|7847|E|1|2012|5|49|52|43.2|67.9|74|78
2690|7847|E|2|2012|4|46.5|37|60.3|62.7|78|83
2690|7847|E|2|2012|5|35.5|36.5|51.4|65.4|74|78
2690|7925|M|1|2010|6|26|60.5|13.8|46.3|174|190
2690|7925|M|1|2010|7|34|70|19.3|39.2|176|199
2690|7925|M|1|2010|8|37|84.5|9.1|23.3|198|220
2690|7925|M|2|2010|8|38|43.5|53.5|50.7|200|223
2690|7925|M|2|2010|6|40.5|35|48.3|64.9|174|192
2690|7925|M|2|2010|7|30.5|34|44.4|53.8|178|196
2690|7925|M|1|2011|7|35.5|83|17.8|26.1|174|189
2690|7925|M|1|2011|6|32|67|19.4|44|160|183
2690|7925|M|2|2011|6|29.5|32|47.5|59.1|160|182
2690|7925|M|1|2011|8|27|83|8.5|21.7|188|210
2690|7925|M|2|2011|8|29.5|37|43.5|54.9|186|208
2690|7925|M|2|2011|7|33|39|45.1|52.4|173|187
2690|7925|M|1|2012|7|20|79|5.9|18.1|170|188
2690|7925|M|1|2012|8|29|90|10|22|200|223
2690|7925|M|1|2012|6|21.5|70|9.2|29.4|152|163
2690|7925|M|2|2012|6|36|38|48.7|54.3|150|162
2690|7925|M|2|2012|7|21|40.5|30.6|37.4|170|190
2690|7925|M|2|2012|8|31|36|43.7|47.5|197|219
470|8008|E|1|2012|4|46|26|74.5|90.7|51|54
470|8008|E|1|2012|5|56|30|71.7|83.3|53|54
470|8008|E|2|2012|4|61.5|27|84.6|88.9|52|54
470|8008|E|2|2012|5|53|23|81.1|88.9|53|54
470|8064|E|1|2010|4|46|33|60.8|94.2|51|52
470|8064|E|1|2010|5|50.5|44.5|57.5|76.2|80|84
470|8064|E|2|2010|4|57|25|76.5|84.6|51|52
470|8064|E|2|2010|5|49|29|63.8|82.1|80|84
470|8064|E|2|2011|4|45|30|64|78.3|75|83
470|8064|E|2|2011|5|66|17.5|92.3|94.2|52|52
470|8064|E|1|2011|4|40|54|38.7|81.7|75|82
470|8064|E|1|2011|5|72.5|46.5|75|90.4|52|52
470|8064|E|1|2012|4|44|36|62.3|89.1|61|64
470|8064|E|1|2012|5|55|41.5|57.5|73.3|80|86
470|8064|E|2|2012|4|47.5|22.5|86.7|92.2|60|64
470|8064|E|2|2012|5|54.5|24|80|86|80|86
1040|8076|E|1|2010|4|72.5|42.5|80.3|88.3|66|77
1040|8076|E|1|2010|5|47|40|50.8|73.4|63|79
1040|8076|E|2|2010|4|69|40|70.8|72.7|65|77
1040|8076|E|2|2010|5|40.5|32|56.5|70.9|62|80
1040|8076|E|2|2011|4|53.5|33|64.1|79.5|64|79
1040|8076|E|2|2011|5|45|28|74.6|74.7|71|87
1040|8076|E|1|2011|4|70|43|73.1|82.5|67|80
1040|8076|E|1|2011|5|59.5|47|57.1|81.4|70|87
1040|8076|E|1|2012|4|64.5|36.5|75|80.6|52|67
1040|8076|E|1|2012|5|64|26|76.1|82.9|67|82
1040|8076|E|2|2012|4|54.5|28.5|67.3|75.8|52|66
1040|8076|E|2|2012|5|70|24.5|87.9|86.6|66|82
1040|8113|E|1|2010|4|67|35|73.6|91.9|72|86
1040|8113|E|1|2010|5|63.5|36.5|71.8|92|78|87
1040|8113|E|2|2010|4|58.5|34.5|75|91.9|72|86
1040|8113|E|2|2010|5|54|27|75.6|94.3|78|87
1040|8113|E|2|2011|4|50|32|69.1|82.1|81|95
1040|8113|E|2|2011|5|57|28|76.5|88.5|85|87
1040|8113|E|1|2011|4|45|44|45.7|92.6|81|95
1040|8113|E|1|2011|5|61|47|67.1|89.7|85|87
1040|8113|E|1|2012|4|61|32|83.1|91.7|89|109
1040|8113|E|1|2012|5|72.5|32.5|81.5|90.3|92|103
1040|8113|E|2|2012|4|46|25|71.6|84.3|88|108
1040|8113|E|2|2012|5|56.5|23|78.3|88.3|92|103
2690|8161|E|1|2010|4|47|47|50|78.8|32|33
2690|8161|E|1|2010|5|31|48|32|59.3|25|27
2690|8161|M|2|2010|6|28|46|36.8|50|19|20
2690|8161|M|2|2010|7|41|51.5|28.6|37.5|14|16
2690|8161|M|2|2010|8|72|45|73.3|53.3|15|15
2690|8161|M|1|2010|7|46.5|85.5|7.1|6.2|14|16
2690|8161|E|2|2010|4|35.5|45.5|43.3|59.4|30|32
2690|8161|E|2|2010|5|42|42|56|55.6|25|27
2690|8161|M|1|2010|6|60|67|42.1|55|19|20
2690|8161|M|1|2010|8|48|76|13.3|33.3|15|15
2690|8161|E|2|2011|5|54|41|63.3|71|30|31
2690|8161|E|1|2011|4|24|55|10.3|41.2|29|34
2690|8161|E|2|2011|4|13|37|13.8|36.4|29|33
2690|8161|E|1|2011|5|31.5|65.5|23.3|53.1|30|33
2690|8161|E|1|2012|5|6.5|64|3.1|23.7|32|38
2690|8161|E|2|2012|4|9|37|15.8|36.8|38|38
2690|8161|E|2|2012|5|12|43|28.1|36.8|32|38
2690|8161|E|1|2012|4|5|43|2.6|35.9|39|39
1040|8200|E|1|2011|4|59|51|57.1|78.9|7|19
1040|8200|E|1|2011|5|29|67|0|64.3|3|28
1040|8200|E|2|2011|4|58|35|71.4|84.2|7|19
1040|8200|E|2|2011|5|26|40|33.3|82.1|3|28
1040|8200|E|1|2012|4|47.5|39|60|88.9|10|18
1040|8200|E|1|2012|5|59|45|61.5|85|13|20
1040|8200|E|2|2012|4|67|30|60|94.4|10|18
1040|8200|E|2|2012|5|63|25.5|75|80|12|20
2690|8359|M|1|2010|6|14|64|8.3|31.4|132|158
2690|8359|M|1|2010|7|24|77|7.3|21.5|123|158
2690|8359|M|1|2010|8|48|94|18.8|24.2|154|178
2690|8359|M|2|2010|8|34.5|49.5|42.2|38.9|154|180
2690|8359|M|2|2010|6|31.5|41|34.8|55.1|132|158
2690|8359|M|2|2010|7|24|47|29.6|35.6|125|160
2690|8359|M|1|2011|7|26|87|4.4|11.6|135|157
2690|8359|M|1|2011|6|18|63|8.5|39.9|142|164
2690|8359|M|2|2011|6|31|34|46.9|61.6|143|164
2690|8359|M|1|2011|8|26|96|7|12.8|114|143
2690|8359|M|2|2011|8|27|55|31.5|36.5|111|139
2690|8359|M|2|2011|7|22|43|30.8|37.9|133|159
2690|8359|M|1|2012|7|25.5|75.5|10|26.3|130|137
2690|8359|M|1|2012|8|35|95|11|17.1|127|146
2690|8359|M|1|2012|6|23.5|70|13.6|32.3|118|130
2690|8359|M|2|2012|6|32|46|36.1|44.3|119|131
2690|8359|M|2|2012|7|30|33|42|51.8|131|137
2690|8359|M|2|2012|8|41|47|45.6|44.9|125|147
2690|8403|M|1|2010|6|35|56|28.6|53.8|189|214
2690|8403|M|1|2010|7|26|69|9.8|35.2|183|217
2690|8403|M|1|2010|8|36|80|18.8|32.1|207|225
2690|8403|M|2|2010|8|40|31|58.8|58.4|204|221
2690|8403|M|2|2010|6|43|36|59.9|67.8|192|216
2690|8403|M|2|2010|7|43|34|56|62.7|184|218
2690|8403|M|1|2011|7|39|78|17.8|30.6|185|198
2690|8403|M|1|2011|6|35.5|65|25|50.9|208|222
2690|8403|M|2|2011|6|37|36|53.1|67|207|221
2690|8403|M|1|2011|8|36|85|10|23.8|201|223
2690|8403|M|2|2011|8|40|32|58|62.6|200|223
2690|8403|M|2|2011|7|56|37|62.7|65.1|185|198
2690|8403|M|1|2012|7|47|73|18.6|43.4|199|212
2690|8403|M|1|2012|8|49|79|29.5|40.1|183|197
2690|8403|M|1|2012|6|40|60|32.6|62.1|190|206
2690|8403|M|2|2012|6|42|32|62.4|76|189|204
2690|8403|M|2|2012|7|53|31.5|62.6|61.8|198|212
2690|8403|M|2|2012|8|38|25|63.9|70.1|183|194
470|8686|E|1|2010|4|69|51|67.3|75.9|55|59
470|8686|E|1|2010|5|35.5|56|29.6|50|54|56
470|8686|E|2|2010|4|42|46.5|50|31|20|59
470|8686|E|2|2010|5|62|61|52.1|44.6|48|56
470|8686|E|2|2011|4|54|44|53.3|44.4|15|54
470|8686|E|2|2011|5|74|66|60|48.3|55|58
470|8686|E|1|2011|4|33.5|65.5|25|53.7|52|54
470|8686|E|1|2011|5|52|67|32.7|64.4|55|59
470|8686|E|1|2012|4|35.5|49.5|37|49|46|51
470|8686|E|1|2012|5|65|69|51.1|43.4|47|53
470|8686|E|2|2012|4|47|58|42.1|31.4|19|51
470|8686|E|2|2012|5|53|46|63.8|50.9|47|53
2690|8764|H|1|2010|10|30|99|0|0|9|18
2690|8764|H|1|2010|9|20.5|99|0|6.1|22|53
2690|8764|H|2|2010|10|9.5|81|10|21.1|10|21
2690|8764|H|2|2010|9|55|76|38.1|30.6|21|51
2690|8764|M|1|2010|7|27|86|11.8|11.4|17|35
2690|8764|M|2|2010|7|22|49|23.5|25.7|17|35
2690|8764|M|2|2010|8|41|55|33.3|31.8|15|22
2690|8764|M|1|2010|8|46|97|6.7|4.5|15|23
2690|8764|H|1|2011|10|46.5|99|0|0|18|25
2690|8764|H|2|2011|10|13|52|23.5|16.7|17|24
2690|8764|M|1|2011|7|33.5|90.5|0|0|10|21
2690|8764|H|1|2011|9|34.5|99|0|6.3|28|67
2690|8764|M|2|2011|7|34|59.5|20|30|10|20
2690|8764|H|2|2011|9|30|73|20.7|28.8|29|66
2690|8764|M|1|2011|8|29|99|6.5|6.1|31|33
2690|8764|M|2|2011|8|26|70|15.6|5.9|32|34
2690|8764|H|2|2012|10|57|91|25|28.1|24|32
2690|8764|H|1|2012|10|49|99|0|0|23|31
2690|8764|H|1|2012|9|68|99|12|8.1|25|37
2690|8764|H|2|2012|9|55|83|28|27|25|37
2690|8764|M|1|2012|7|49|96|0|0|9|17
2690|8764|M|1|2012|8|59|98.5|0|0|4|10
2690|8764|M|2|2012|7|46|61|33.3|11.8|9|17
2690|8764|M|2|2012|8|36.5|82|0|20|4|10
1040|8787|M|1|2010|6|58.5|49|59|77.8|278|330
1040|8787|M|1|2010|7|52|61|37.1|64.2|272|336
1040|8787|M|1|2010|8|60.5|58|54.2|70.9|308|350
1040|8787|M|2|2010|8|51|16|75.9|81.1|307|349
1040|8787|M|2|2010|6|53|28|70.7|81.8|280|330
1040|8787|M|2|2010|7|59.5|27|79.5|82.4|268|334
1040|8787|M|1|2011|7|46|63|37.2|57.7|290|346
1040|8787|M|1|2011|6|53|53|50.8|77|244|295
1040|8787|M|2|2011|6|47|24|72|79.7|243|294
1040|8787|M|1|2011|8|46|62|40.3|56.4|300|361
1040|8787|M|2|2011|8|41|18|72.4|79.8|297|362
1040|8787|M|2|2011|7|58.5|26|77.2|80.5|290|346
1040|8787|M|1|2012|7|54.5|58|47.3|73.7|262|315
1040|8787|M|1|2012|8|61|58|54.5|68.1|319|348
1040|8787|M|1|2012|6|65|50|65.2|78.4|264|338
1040|8787|M|2|2012|6|47|21|74.8|84.1|262|339
1040|8787|M|2|2012|7|61|19|80.8|81.5|261|314
1040|8787|M|2|2012|8|48|16|78.9|81.3|317|348
2690|8881|E|1|2010|4|27|44|23.1|62.5|39|40
2690|8881|E|1|2010|5|36|59|25.6|47.9|39|48
2690|8881|E|2|2010|4|23.5|42.5|30|53.7|40|41
2690|8881|E|2|2010|5|50|45|56.4|58.3|39|48
2690|8881|E|2|2011|4|53|47|55.2|57.1|29|35
2690|8881|E|2|2011|5|52|43|51.2|58.7|41|46
2690|8881|E|1|2011|4|43|65|41.4|70.6|29|34
2690|8881|E|1|2011|5|23|70|14.6|35.6|41|45
2690|8881|E|1|2012|4|52|62|46.5|69.6|43|46
2690|8881|E|1|2012|5|48|59|35.5|64.5|31|31
2690|8881|E|2|2012|4|50|48|59.5|55.6|42|45
2690|8881|E|2|2012|5|49.5|36.5|53.3|64.5|30|31
2690|8972|M|1|2010|6|24|58|18.2|50.4|209|227
2690|8972|M|1|2010|7|35.5|64|20.4|58.3|186|208
2690|8972|M|1|2010|8|31|73|10.1|35.6|199|225
2690|8972|M|2|2010|8|39|27|55.3|59.3|199|227
2690|8972|M|2|2010|6|37|32|54.6|73.7|207|227
2690|8972|M|2|2010|7|36|29|55.1|69|187|208
2690|8972|M|1|2011|7|50|79|24.2|38|207|221
2690|8972|M|1|2011|6|30|62|20.3|57.9|197|219
2690|8972|M|2|2011|6|29|29|48.2|69.4|197|219
2690|8972|M|1|2011|8|42|72|21.5|41|181|199
2690|8972|M|2|2011|8|47|24|65.6|68|180|199
2690|8972|M|2|2011|7|36|33|51.5|61.2|204|221
2690|8972|M|1|2012|7|36|73|16.6|37.1|229|245
2690|8972|M|1|2012|8|40|84|17.2|32.7|227|248
2690|8972|M|1|2012|6|27|69|12.2|39.1|205|225
2690|8972|M|2|2012|6|30|38|40.9|54.5|203|224
2690|8972|M|2|2012|7|30|34|50.9|58.6|228|244
2690|8972|M|2|2012|8|44|30|58.7|52.4|225|248
470|9027|E|1|2010|4|72|50|72.7|75.9|55|58
470|9027|E|1|2010|5|46|55|45.6|60|68|71
470|9027|E|2|2010|4|44|47|41.5|44.8|41|58
470|9027|E|2|2010|5|44|47|47.8|48.6|67|72
470|9027|E|2|2011|4|29.5|50.5|21.9|27.6|32|58
470|9027|E|2|2011|5|61|51|54.7|49.2|53|64
470|9027|E|1|2011|4|37.5|64.5|19.2|50|52|60
470|9027|E|1|2011|5|50|60.5|37|52.4|54|63
470|9027|E|1|2012|4|60.5|55|62|77.8|50|54
470|9027|E|1|2012|5|51|68.5|35.7|52.5|56|61
470|9027|E|2|2012|4|38|50|32.3|28.6|31|56
470|9027|E|2|2012|5|49|67|36.4|34.4|55|61
470|9047|E|1|2010|4|34|57.5|25|43.8|44|48
470|9047|E|1|2010|5|28|67|22|23.8|41|42
470|9047|E|2|2010|4|50|64|33.3|28.9|21|45
470|9047|E|2|2010|5|34.5|63|27.8|14.3|36|42
470|9047|E|2|2011|4|43.5|49|50|37.5|22|56
470|9047|E|2|2011|5|32.5|65.5|26.2|25.5|42|51
470|9047|E|1|2011|4|27|63|14.3|47.4|49|57
470|9047|E|1|2011|5|31.5|82|6.5|15.1|46|53
470|9047|E|1|2012|4|23.5|61.5|21.4|35.9|56|64
470|9047|E|1|2012|5|38|74.5|25|31.5|52|54
470|9047|E|2|2012|4|41|59|37|20.3|27|59
470|9047|E|2|2012|5|50.5|68.5|38|27.8|50|54
470|9103|M|1|2010|6|49.5|48|51.3|71.3|158|167
470|9103|M|1|2010|7|59|53|54.3|74.5|197|212
470|9103|M|1|2010|8|42|67|38.3|52.8|227|248
470|9103|M|2|2010|8|47|20|68.7|71.5|227|249
470|9103|M|2|2010|6|57.5|29|70.9|76|158|167
470|9103|M|2|2010|7|47|17.5|72.1|77.8|197|213
470|9103|M|1|2011|7|53|68.5|37.5|55.9|160|179
470|9103|M|1|2011|6|58.5|55|50|67.1|184|208
470|9103|M|2|2011|6|51.5|21|67|73.9|182|208
470|9103|M|1|2011|8|50.5|45|57.1|65.1|198|215
470|9103|M|2|2011|8|52|10.5|79.3|81.8|198|214
470|9103|M|2|2011|7|60.5|26.5|73.8|73.7|160|179
470|9103|M|1|2012|7|61|62|51.2|67|203|218
470|9103|M|1|2012|8|50|65|37.3|60.5|169|190
470|9103|M|1|2012|6|65|52|57.8|71|187|210
470|9103|M|2|2012|6|51|25|64|75.7|189|210
470|9103|M|2|2012|7|57|20|75.9|74.3|203|218
470|9103|M|2|2012|8|46|14|69.5|73.8|167|187
470|9268|E|1|2012|4|34|51|34.3|61.7|35|47
470|9268|E|1|2012|5|22|48|29.6|50|27|36
470|9268|E|2|2012|4|49.5|34|55.9|69.6|34|46
470|9268|E|2|2012|5|44|35|64|68.6|25|35
470|9268|M|1|2012|6|16|66|6.5|37.2|31|43
470|9268|M|1|2012|7|51|78|20|56.5|15|23
470|9268|M|1|2012|8|29|95.5|7.1|27.8|14|18
470|9268|M|2|2012|6|48|33|69.7|68.9|33|45
470|9268|M|2|2012|7|62|42|73.3|65.2|15|23
470|9268|M|2|2012|8|65|41|78.6|72.2|14|18
2690|9306|H|1|2010|10|52.5|94.5|28.2|26.5|202|232
2690|9306|H|1|2010|9|37|97|10.1|20.9|179|274
2690|9306|H|2|2010|10|43.5|7|77.2|72.6|202|232
2690|9306|H|2|2010|9|48|31|60|63.2|180|274
2690|9306|H|2|2011|10|37|21|60.6|55.6|203|244
2690|9306|H|2|2011|9|46.5|39|48.9|54.9|182|311
2690|9306|H|1|2011|10|49|99|23.2|20.5|207|248
2690|9306|H|1|2011|9|35|96.5|14.1|25|184|311
2690|9306|H|1|2012|10|42|99|18.2|18.6|209|247
2690|9306|H|1|2012|9|31|99|4.3|15.9|163|277
2690|9306|H|2|2012|10|41.5|11|66.7|64|210|250
2690|9306|H|2|2012|9|34.5|37|46.9|54|160|276
470|9452|E|1|2010|4|39.5|51.5|36.5|55.6|52|54
470|9452|E|1|2010|5|64|55|61.5|71.9|52|57
470|9452|E|2|2010|4|59|46|64.7|58.5|51|53
470|9452|E|2|2010|5|62|35|65.4|77.2|52|57
470|9452|E|2|2011|4|53|42|64.5|65.2|62|69
470|9452|E|2|2011|5|62|36|58.7|66|46|50
470|9452|E|1|2011|4|44|60|31.7|65.7|63|70
470|9452|E|1|2011|5|74.5|74.5|54.3|60|46|50
470|9452|E|1|2012|4|46.5|50.5|43.1|65.8|72|73
470|9452|E|1|2012|5|61|60|50.7|62.3|67|69
470|9452|E|2|2012|4|66|37|63.4|68.5|71|73
470|9452|E|2|2012|5|46.5|40|60.3|65.7|68|70
470|9475|M|1|2010|6|65|69|53.2|56.7|111|121
470|9475|M|1|2010|7|65|84|27.5|33.9|102|120
470|9475|M|1|2010|8|65|94|25.5|30.8|165|184
470|9475|M|2|2010|8|48|53|43|38.5|165|184
470|9475|M|2|2010|6|54|56|52.3|50.8|111|121
470|9475|M|2|2010|7|54.5|61|43.1|33.1|102|120
470|9475|M|1|2011|7|39|82|16.5|32.5|97|114
470|9475|M|1|2011|6|48|80|26.7|36.7|116|139
470|9475|M|2|2011|6|52|60|39.7|36|116|138
470|9475|M|1|2011|8|40|95|11.7|22.8|103|123
470|9475|M|2|2011|8|52.5|70|35.6|32.5|104|123
470|9475|M|2|2011|7|55|55|56.7|48.2|97|114
470|9475|M|1|2012|7|48|85.5|15.8|28.4|114|134
470|9475|M|1|2012|8|39|88.5|24.5|30.2|102|116
470|9475|M|1|2012|6|51|71|35|46.7|137|150
470|9475|M|2|2012|6|50.5|53|52.9|53.6|138|153
470|9475|M|2|2012|7|50|59|44.1|26.9|111|134
470|9475|M|2|2012|8|39.5|45.5|45.1|41.5|102|118
470|9546|H|1|2010|10|39|97|22.8|21.9|167|197
470|9546|H|1|2010|9|59|94|24.7|29|215|256
470|9546|H|2|2010|10|43|12|64.2|63.5|165|196
470|9546|H|2|2010|9|51|23|63.3|62.3|215|257
470|9546|H|2|2011|10|68.5|22|72.1|73|226|249
470|9546|H|2|2011|9|64.5|27|66.8|68.2|226|257
470|9546|H|1|2011|10|62|99|26.3|25.5|228|247
470|9546|H|1|2011|9|58.5|92|22.6|29|226|256
470|9546|H|1|2012|10|51|99|22.6|21.9|212|233
470|9546|H|1|2012|9|56|94|26.3|30.9|217|246
470|9546|H|2|2012|10|51.5|9|71.2|71.7|212|233
470|9546|H|2|2012|9|56|23|72.8|69|217|245
1040|9579|H|1|2010|10|73|71|55.6|56.3|117|119
1040|9579|H|1|2010|9|65.5|57.5|51.2|63.2|160|163
1040|9579|H|2|2010|10|54|2|94.9|95|117|119
1040|9579|H|2|2010|9|61.5|6|90.6|95.1|160|163
1040|9579|H|2|2011|10|46|2|90.5|90.8|148|153
1040|9579|H|2|2011|9|60|8|92.5|94.2|146|154
1040|9579|H|1|2011|10|66.5|37|62.8|63.2|148|153
1040|9579|H|1|2011|9|66|63.5|55.5|60.1|146|153
1040|9579|H|1|2012|10|66|45.5|56.2|55.3|130|132
1040|9579|H|1|2012|9|64|48|58|70.6|169|177
1040|9579|H|2|2012|10|63|2|96.9|96.9|130|131
1040|9579|H|2|2012|9|58|4|94.1|97.7|169|177
470|9632|E|1|2010|4|32|44.5|37.8|69.2|90|117
470|9632|E|2|2010|4|45|39|54.4|70.7|90|117
470|9632|E|1|2011|4|48|60|33.3|73.8|114|130
470|9632|E|2|2011|4|44|38|54.9|70|113|130
470|9632|E|1|2012|4|48|54.5|43.1|64.2|58|67
470|9632|E|1|2012|5|58.5|53.5|60.7|71|84|93
470|9632|E|2|2012|4|44.5|37|56.9|65.2|58|66
470|9632|E|2|2012|5|58|28|77.4|87.1|84|93
2690|9667|E|1|2010|4|32|42|44.1|61.5|34|39
2690|9667|E|1|2010|5|21|41.5|27.8|61|36|41
2690|9667|E|2|2010|4|34.5|38|35.3|56.4|34|39
2690|9667|E|2|2010|5|31|38.5|47.2|63.4|36|41
2690|9667|M|2|2010|6|53|28|63.4|80|41|45
2690|9667|M|2|2010|7|44.5|32|62.5|64.3|24|28
2690|9667|M|2|2010|8|41|32|57.1|66.7|28|31
2690|9667|M|1|2010|6|54|59|53.7|62.2|41|45
2690|9667|M|1|2010|7|20|67.5|4.2|32.1|24|28
2690|9667|M|1|2010|8|25|90|7.1|13.3|28|31
2690|9667|E|1|2011|5|42.5|61.5|35.7|59.4|28|32
2690|9667|M|2|2011|6|53|27|75|83|44|47
2690|9667|M|1|2011|8|63.5|78|31.8|45.5|22|22
2690|9667|E|2|2011|4|37.5|31.5|50|65|36|40
2690|9667|E|1|2011|4|35|57.5|33.3|72.5|36|40
2690|9667|M|1|2011|6|41.5|57.5|27.3|66|44|47
2690|9667|M|1|2011|7|45|77|22|43.9|41|41
2690|9667|M|2|2011|7|39|28|53.7|70.7|41|41
2690|9667|E|2|2011|5|51.5|42.5|60.7|71.9|28|32
2690|9667|M|2|2011|8|66|29|77.3|72.7|22|22
2690|9667|M|1|2012|7|40|67|25.8|55.6|31|36
2690|9667|M|1|2012|8|24|79|13.9|41.7|36|36
2690|9667|E|1|2012|5|40|59|24.1|59|29|39
2690|9667|E|2|2012|4|33|39|50|57.5|36|40
2690|9667|E|2|2012|5|57|31|65.5|71.8|29|39
2690|9667|E|1|2012|4|22.5|54|19.4|57.5|36|40
2690|9667|M|1|2012|6|67|69|54.5|61.1|33|36
2690|9667|M|2|2012|6|45|38|60.6|72.2|33|36
2690|9667|M|2|2012|7|65|21|80.6|83.3|31|36
2690|9667|M|2|2012|8|52|20.5|72.2|78.4|36|37
1040|9669|E|1|2010|4|46.5|35|51.9|76.8|54|69
1040|9669|E|1|2010|5|50|37|52.9|81|51|58
1040|9669|E|2|2010|4|49|32|66.7|87|54|69
1040|9669|E|2|2010|5|45|24|80.4|89.7|51|58
1040|9669|E|2|2011|4|50|34|63.6|75.4|55|61
1040|9669|E|2|2011|5|47|26.5|71|82.4|62|68
1040|9669|E|1|2011|4|54|59|47.4|83.3|57|60
1040|9669|E|1|2011|5|51|51|50|75|62|68
1040|9669|E|1|2012|4|47|30|69.5|88.2|59|68
1040|9669|E|1|2012|5|56|46|66.1|74.3|59|70
1040|9669|E|2|2012|4|41|25|55.2|83.8|58|68
1040|9669|E|2|2012|5|47|28|66.7|74.3|60|70
470|9742|E|1|2012|4|25|46|35.6|72.8|73|103
470|9742|E|1|2012|5|46|54|40|62|45|50
470|9742|E|2|2012|4|49.5|27|63.5|82.7|74|104
470|9742|E|2|2012|5|61|31|71.1|78|45|50
470|9755|E|1|2010|4|54|48|51.9|72.7|79|88
470|9755|E|1|2010|5|59|57|50.6|62.2|77|82
470|9755|E|2|2010|4|46.5|42.5|51.3|57.5|78|87
470|9755|E|2|2010|5|48|43|61|65.9|77|82
470|9755|E|2|2011|4|51.5|39.5|55|76.1|80|88
470|9755|E|2|2011|5|65|38|61.7|69|81|87
470|9755|E|1|2011|4|50|57|43.2|71.6|81|88
470|9755|E|1|2011|5|49.5|60|37.8|67|82|88
470|9755|E|1|2012|4|42|61|34.8|56.8|69|74
470|9755|E|1|2012|5|59|56.5|48.3|60.6|60|66
470|9755|E|2|2012|4|43|46|51.4|56|70|75
470|9755|E|2|2012|5|44|38|60.7|65.7|61|67
1040|9812|E|1|2010|4|54.5|35.5|69.4|91|62|67
1040|9812|E|1|2010|5|61|34|76.9|81.7|65|82
1040|9812|E|2|2010|4|44|29|63.5|81.2|63|69
1040|9812|E|2|2010|5|59|26|87.7|81.5|65|81
1040|9812|E|2|2011|4|50.5|30.5|78.6|85.5|56|62
1040|9812|E|2|2011|5|49.5|23|73.5|89.6|68|77
1040|9812|E|1|2011|4|49|51|54.4|80.6|57|62
1040|9812|E|1|2011|5|53|46|59.7|85.7|67|77
1040|9812|E|1|2012|4|66.5|38|65.5|87.3|58|71
1040|9812|E|1|2012|5|66|29.5|80.9|86.7|68|75
1040|9812|E|2|2012|4|47|29|72.4|83.1|58|71
1040|9812|E|2|2012|5|53|18|82.4|90.7|68|75
470|9898|E|1|2010|4|46|40|64|82.5|89|97
470|9898|E|1|2010|5|50|43|57.7|75.3|71|77
470|9898|E|2|2010|4|59|38|68.9|75.8|90|99
470|9898|E|2|2010|5|50|25|66.2|88.3|71|78
470|9898|E|2|2011|4|67|32|79.3|86.2|82|87
470|9898|E|2|2011|5|58|30|69.7|78.9|89|96
470|9898|E|1|2011|4|70.5|52.5|67.1|89.7|82|87
470|9898|E|1|2011|5|54|53|48.9|77.7|88|95
470|9898|E|1|2012|4|82.5|42.5|84.8|92.8|92|97
470|9898|E|1|2012|5|49.5|33.5|56.2|83.7|80|86
470|9898|E|2|2012|4|83|31|83.5|84.5|91|97
470|9898|E|2|2012|5|65.5|21.5|78.8|88.4|80|86
